25
6
42
1632
278
1787
297
160
9
102
26
227
2
1
26
9
1
794
97
160
14
7
27
17
2
1
1743
46
4
2495
21
17
19
33
401
2
39
1113
388
1
9
6
1
28
1761
1
8
3
147
184
182
3
973
63
112
22
2
1
158
68
4
1088
5
948
14
138
5
1
1087
4
121
58
18
9
53
62
915
517
9
2
137
126
7
11
788
3
1280
1477
1
50
27
26
72
9
66
63
1
10
1
152
1
6
11
2559
12
61
1
1754
1
34
1
1
15
247
1
2
1
6
17
10
1
1
25
256
1
189
45
1
16
180
372
7
1
49
104
13
16
286
49
1
21
5
6
27
23
278
23
1415
70
51
1
2
449
325
213
63
7
1
5
2
20
3
52
1
16
976
28
73
46
3
1
3
28
11
6
4
124
238
1
6
848
169
154
2
1
122
326
926
28
7
1
8
436
1
1
86
482
12
1
1495
18
39
11
1
1
2
29
1066
120
17
347
252
48
1
401
8
1110
1
38
37
23
20
1
12
114
15
1
6
60
7
9
1
4
1
15
16
36
30
7
1
15
51
205
2
1
1728
1056
22
37
2
131
37
2
13
137
10
292
31
6
3
24
25
14
98
687
33
15
2
1
9
5
6
14
2
17
23
45
18
380
2980
113
190
1
14
1
1
1
66
939
624
329
383
60
439
160
204
45
15
432
72
11
6
1
159
1
14
42
1
84
4
42
151
230
10
25
83
3878
1324
4
21
2
35
17
2797
1
350
338
251
43
31
1
10
81
10
1
1
782
155
36
29
174
372
38
7
2
2
2
217
1
2
279
103
16
3
2
717
95
2292
233
1315
1
1
25
27
5
69
3
160
65
41
12
1
39
365
2
1
113
105
6
1
23
3
3
139
174
315
183
913
4
30
5
12
1
71
2
167
4
2
2
1
38
408
3385
197
122
5
7
1
11
10
11
4
1
1
359
4944
4
3
9
1
15
5
10
6
2
16
1
17
90
1
24
144
100
30
1
1
5
82
151
72
17
11
1
149
33
27
4
1
138
61
100
1
14
1
366
20
64
17
249
10
6
10
18
8
848
43
1
104
4
1
3
6
19
1
10
5
78
283
1
832
754
4
1
20
14
5
130
666
1
24
278
3
12
1
1
632
19
23
4
10
2
1
209
10
14
1
1268
5
1243
5
1
5
1
8
141
156
47
21
94
834
8
1
110
9
1
10
1
1
26
88
6
61
1
4
29
8
1
64
674
877
3
3
2
430
1
1
625
2
38
3
1
748
1
849
1
20
31
5
297
1
1
131
2
400
6
10
4
20
2
1
14
33
635
204
11
3
30
200
14
1
1
7
5
72
206
3825
1
63
11
39
137
54
46
34
939
483
52
1
8
71
1
466
1
1
15
1
21
5
1
136
6
1
1845
11
116
330
191
10
25
43
12
16
31
63
1
164
1
15
328
110
201
1
5
10
336
12
1409
148
251
16
1
3
1
4
1
83
4
1
1
1
1
5
28
12
8
24
519
8
7
25
4
1
1
1440
25
38
1
15
1
31
18
1408
5
18
100
185
1237
353
62
1
391
148
39
645
9
80
10
8
1
3
1
80
6
8
2757
1
713
21
769
1
9
1
2
2472
315
772
244
544
2
21
9
1
2
31
1
2
7
8
10
22
1
266
116
37
1
4
1
12
3
1236
89
14
1
11
159
301
10
1240
7
1164
4
534
2
3
3
14
1
7
24
29
5882
107
1
2
46
23
14
348
197
4
1
295
16
14
13
2
44
214
9
435
33
24
804
1
1
1
907
1
81
9
12
17
30
376
9
201
41
1
141
336
644
300
214
43
5
16
4
82
9
25
56
1432
111
4
53
1
249
1
21
268
103
980
1
1
22
16
5
19
5
1
10
9
26
297
53
2
1
1221
4
266
1
91
290
1
3658
264
1
2
36
75
2
15
124
1
606
10
9
3
6
1
12
19
2
10
62
1
47
376
4
10
160
1659
15
3
86
5
184
352
48
7
2
474
25
7
2
5
7
3
88
2805
207
2119
744
9
122
24
1
47
1
307
1202
45
15
217
265
22
703
45
2
880
23
1
44
1
1
410
1
30
1
223
1
726
35
3
3
81
15
143
54
60
2
1
3
846
185
249
10
101
9
8
46
1042
14
3
1
6
198
44
11
4
1173
1
502
1
1
24
276
18
2
21
1
6
110
1
17
4
290
63
1
45
581
201
457
19
10177
1
317
435
16
19
894
15
603
14
236
28
3117
19
30
203
69
12
1
1
1
4
9
37
57
1
2
2
26
117
2
100
5
2
2
1
156
15
6
3
394
16
38
10
19
1375
226
23
5
47
9
83
30
290
1
17
115
140
1
433
5
170
700
31
1
14
4
30
4
2
1
1
54
322
2696
1
59
4065
727
819
1
551
465
2
1
47
19
22
14
1
42
1
16
11
2640
2375
1
28
10
46
197
312
13
33
1
9
1
5
22
32
104
4272
23
3
4
74
2
3
2
2
5
8
202
55
18
20
62
56
50
104
10
45
2
49
22
109
519
540
9
4
288
3180
35
7
3
7
1
172
45
328
1
14
1
734
57
427
1
1
1
1215
3
4
10
55
50
4
171
3
26
387
11
1297
8
3
6
298
574
5
1
4
109
73
48
2
396
21
34
13
44
24
331
4
1
44
52
482
633
825
5
44
553
19
1
2
57
3
2
43
186
1
621
13
37
1
9
30
3
20
25
6
1
167
324
1
572
466
2
10
1
2946
253
2
9
47
475
1
5
45
11
4
42
145
64
253
25
38
24
1981
340
31
502
1
101
42
11
1031
339
26
18
1111
1
1
1
1
211
694
5
1
15
6
20
10
13
1
11
134
25
4
15
1
8
74
33
28
228
1802
1
1
6
322
63
1
393
692
735
929
4
7
4
2
50
12
89
5
199
756
328
7
2
1
5
1
2
40
1
1
2
446
132
11
506
1312
11
23
108
2
4
476
81
8
4
1
3
3
1
1729
6
2
19
60
1
779
4
761
173
108
38
156
1
2
27
14
22
6412
1
13
5
208
1
1
5
166
461
1
1
7
12
2
1
1
7
7
977
1
280
1
8
494
5
6
49
1
213
4
20
868
243
38
78
247
14
41
18
1
5
4
5
128
32
17
384
17
56
12
194
27
567
263
1
176
1
847
1259
421
33
292
39
2
1
1
102
16
32
9
1
8
3
139
2
16
1
11
92
83
42
122
135
24
1
1432
11
2
25
9
6
38
20
4
295
30
47
646
8
1
528
19
16
440
649
353
41
566
188
137
11
571
11
8
1
10
636
111
54
683
4
16
43
998
22
2
37
747
16
37
2
69
12
3
7
32
86
203
14
22
10
1
26
5
1
190
1
1
312
2
1
96
4
16
811
12
243
48
39
63
4
99
6
2
1
1
33
1
225
626
75
338
254
5
21
10
27
2
21
354
63
1
992
80
1
1
258
1
795
2
1720
47
1
1
675
28
24
48
6
403
433
1
11
9
3791
607
1
1
1
1
4
189
14
3
6
157
1
2441
33
1878
19
88
4160
32
4
105
523
50
1
2
47
10
1
1
1
58
1685
7
1
13
1
54
10
77
1536
1
3
51
5
1195
297
3557
118
1
83
14
1
1
2
70
11
21
1
127
12
25
26
1
6
87
5
11
22
183
3
193
15
3
15
14
5
3
17
140
12
1
2
41
1
5
1
210
15
16
15
2
7
23
11413
522
1189
1
1
616
5
17
1
8
1
1
1
8
53
6
1
519
964
323
1418
1
1972
1
291
3
16
7
4
98
25
11
895
1
195
1
848
22
15
14
18
10
586
3
3
4
51
43
3
90
49
14
8
111
312
12
14
12
1
7
106
6
249
5
51
394
20
63
2
25
24
48
133
2
1
40
343
1
40
305
10
568
5
19
64
12
2732
2
4
220
3
35
15
7
3
64
402
250
2881
1
15
170
1
15
8
284
75
54
25
32
71
173
26
43
93
15
35
4
8
28
2
3
86
34
469
202
21
6
27
1
5
11
6
42
2
1
38
1
138
585
1
156
7
1
971
7
196
146
63
7
1447
3
65
1
220
8
33
29
25
1
5
5
2
1922
1
2
14
6
282
1
29
1
122
55
55
6
34
3
3
271
92
1
76
423
2
2
4
1994
4
21
4
3
3
140
1
1
1157
1
22
7204
455
1
57
9
13
10
1560
29
4
19
4
8
193
371
1207
17
640
3
2
25
2
63
501
3
191
14
4
51
705
28
522
105
513
1
50
47
2
526
2
34
372
206
386
10
47
5
3
456
7
8
9
5191
11
6
3
4
6
603
35
142
5218
71
1
6
2551
20
9
105
5
31
4
56
30
30
1
4
406
3
74
7
11
65
1
436
1
18
141
1
5
14
15
1181
6
14
2
35
16
1
41
283
490
517
1
1
44
10
285
4
18
2
2
18
441
1
18
3
1
739
95
5
6
80
2
73
1
1
1
11
364
12
30
198
21
1
15
5
2
1
1
237
2
9
801
23
8
32
1
3
27
1
42
1325
426
1
2
2
7
54
1358
557
2
51
29
501
3595
4
3
4
1
12
19
1
5
1172
7
36
1
16
2
14
197
1
1148
136
178
408
1
37
9
1
7608
41
44
26
158
29
24
16
7
1
1
1388
65
1
171
484
31
37
4
262
30
11
1
1
10
45
54
50
25
1
5
5
2841
114
19
7
44
1
1
59
1
5
471
109
1
1
10
5
2
2
21
1053
86
3
9
49
1
24
1
1
34
1
792
260
27
2138
1
11
310
19
14
1232
523
523
4
372
86
3
171
13
75
155
1
19
71
3
855
12
2
364
1
303
422
1
17
1
33
3
7
19
13
127
9
42
88
9
83
24
1
43
1996
1
9
1
911
9
210
53
367
337
992
1
3
1
15
2
10
1
4
50
47
1
19
1
1
8085
20
5
1
583
1
2
96
100
3
1063
64
3478
6
1
3
250
66
1
7
1
1
1077
13
51
1
1
531
4
11
159
1448
3
27
1
1
2
22
5
417
36
601
260
14
8
11
3
139
91
2184
1
142
6
17
8
188
3
126
387
10
1
22
1
52
1
139
1
85
5
34
659
736
10
17
10
23
5
46
1
239
132
5
31
210
1
148
8
3
2
804
430
135
160
13
1
208
89
450
19
672
28
1
482
1
5
598
8
1337
66
46
55
7
641
55
117
52
1
1
33
28
240
294
27
27
233
19
14
5
1
43
117
477
29
17
266
48
57
104
13
7
2
69
1
23
3580
109
5
6
1784
10
284
1
1
793
1
65
1
235
183
464
32
3
44
41
1228
5
17
23
1
1
785
3
21
48
12
3
19
50
23
17
44
1251
4
83
4
1
40
1
1
2
25
2413
19
28
7
269
1
1
1613
1
456
63
59
1
11
65
150
203
1467
52
3
5
1
9
22
114
1
61
1
50
4
5
1
4394
4
3628
1
38
279
5
5
1
13
7
1
16
49
238
4
2
60
1
6
1
17
2
15
1
1
383
4
42
1
1160
1
42
64
31
21
1
3
1
1
6
470
179
1
31
63
295
2
9
217
31
5
84
25
1051
5
1634
593
564
6
271
142
515
90
414
196
363
221
14
36
2
24
211
1
17
13
8
1
115
5
20
14
1
1
54
24
314
155
7
10
25
79
1
2
219
1
46
82
3
54
70
4
30
4115
3025
16
10
12
7
5592
2406
30
10
1
401
1
82
78
1
89
30
14
281
21
23
14
1405
5
9
32
2
1
1
515
515
24
7
1
1
115
861
2
14
8
1
498
760
3
2
2
268
124
4
26
174
1
1
3
357
309
252
188
246
55
96
1
875
1
1
27
48
2
74
1
1
70
1
140
2791
74
137
87
57
160
1
38
188
6
30
31
5
71
1
163
1
22
68
10119
342
109
3
9
1
18
63
1
8
17
8
51
3
124
571
53
11
11
7
528
1
3
13
57
11
6
70
38
6
2759
213
6
1
30
1
4
214
120
4
3
10
6
5
188
12
465
6
59
25
28
243
1
1
6
17
1290
183
77
8
14
34
168
1
45
1
54
3
11
52
3
13
33
40
1
20
29
33
1
1
11
2
1
38
5
17
1
30
1
1
333
9
52
20
12
2
23
28
580
1936
378
381
28
2
46
1
13
5
215
180
189
42
6
23
18
22
5
89
23
69
6
2
1
4
25
4
35
61
9
181
148
2651
2
5
6
12
85
16
8
3
1
98
1
19
3
71
882
295
2
1
1
27
153
21
92
1
135
21
46
4
4
12
1
236
12
1
9
1
1
80
6
1
30
11
304
3
10
4
2
5
1
13
2153
3
5
24
1
4
1
43
5
7
164
2
88
121
672
515
7
3
23
57
871
4
8
1
1
323
13
1
85
1
18
178
53
21
27
25
77
13
1
43
1
3
6
52
2
1
2
1
600
1423
2
59
21
3
909
1
92
2
20
77
10
5
155
7
2
1
78
17
4
200
37
15
415
649
1
1
1
1
377
42
1
1
5
8
1
366
15
1
4471
3
1
3
483
1
3
128
5
2
4
48
1
43
831
13
74
1
1
699
39
6264
16
5
1649
18
228
404
180
19
607
8
34
12
6
1
2
7
1
78
49
1
109
27
4
80
57
1
1
1
68
268
41
1
2
1
96
2
29
7
1
1
12
29
1
21
248
467
1380
34
36
1
16
5
12
25
1
1
1
4
1
10
93
26
1
10
33
26
1
1
1118
5
2112
80
48
243
656
7
292
14
1
26
54
1
247
6
2
178
119
94
1
17
6
1
22
32
1
5168
10
5
15
4225
138
32
1
21
1
7
1
34
44
3
6
1
26
13
572
27
453
109
14
38
2
142
141
6
9
35
25
495
1
782
4
115
6
498
6
11
827
29
3
8
58
6
14
1419
40
917
901
554
28
10
221
3
3840
184
129
28
1
363
1396
6
2
1
3
904
1492
1
28
77
3
942
60
1
10
8
1
1
55
2
113
53
15
301
116
21
813
83
1
8
76
22
29
710
2311
5
7
301
9
4
2
5
4
6
1410
17
28
1
184
22
13
41
738
3
21
3
9
603
144
3
44
5
13
833
8
18
642
1
1
348
80
9
25
276
5
15
19
18
2
386
518
472
274
65
288
339
4
82
49
520
1
2
2
215
48
45
126
449
150
3344
294
114
43
1
51
8
17
162
6
4
2
242
8
16
35
9
16
1
685
1
2
48
7
1064
53
686
171
18
42
1
13
4
255
1
2
15
53
32
9
115
13
3
1504
1
1
140
111
1
177
2375
24
38
81
15
2148
88
14
179
29
11
41
678
4
1
1411
189
119
1
18
1
1
2
1637
1741
17
20
24
34
8
10
1
294
2249
63
72
178
1
9
78
9
30
1
4
1
10
1
164
712
2
15
2
299
8
3
3
212
21
108
1
1
2
1
10
250
404
349
191
8
120
579
10
30
869
5
88
83
17
1942
1
372
2
14
1
3436
14
1
111
19
1
22
9
1
2
1
29
17
1
2
23
41
1
18
19
665
3392
484
649
25
214
250
1
1
1
107
4
1
1
655
6
19
10
77
31
4
76
5
325
563
4
171
1
4
25
4
152
1
38
4
11
1
1
37
334
1
1086
323
5
26
8
24
49
1246
436
495
291
49
182
11
18
3
48
619
10
1
8
5
182
1
198
1
43
6
39
12
3
8
1
5412
1
366
101
1
19
9
59
1
78
3
5
27
36
2
13
274
43
9
1
104
10
6
27
1
90
6
1
73
511
4
3
13
1
3
7
2
6
1
157
7
6646
28
1
4
70
140
281
5
169
5
26
1
1
41
7047
5
1
6
5
1
1
21
252
4
3
5
1
49
1
66
2
794
60
6
20
11
113
1
1
403
27
1
2775
2
3
12
85
212
12
852
651
23
3
30
1
1
1
1103
45
1
12
41
22
21
1
13
35
16
43
453
3726
8
6
1
39
11
60
1
444
404
2
31
11
31
67
7
2
2
100
99
13
4
3
2
44
1
3
234
6
9
33
1
6
197
1
57
45
1
11
1
29
19
880
224
580
1466
1
1
45
80
1
1
112
9
1
1
1374
1
4
2
17
17
1
2
1166
69
101
260
38
1
2
1
1922
323
1
501
974
1613
274
260
382
434
29
5
1410
217
14
415
116
1
26
925
20
501
5
233
117
119
3
28
20
1
4
1240
3
483
1
30
24
2
2
12
2
15
281
3
13
8
542
33
3
4
4
13
1094
2
1
109
865
11
138
7
3061
579
6
1
8
2334
10
42
6
445
305
623
425
333
1
82
3723
1
229
65
20
145
562
688
15
14
21
13
206
22
3
3
1
26
81
14
1
5
149
1
85
1641
6
1
24
1
54
76
15
20
1
1
30
615
207
170
35
1
33
4
38
62
184
53
4
2
325
6
542
211
31
2
1
441
14
1
1
94
4
2083
9
3
4
5
924
27
1
5014
21
3
12
380
112
1
150
28
1
1
2
592
3
22
1
16
6
1
5
3
2
586
4
69
67
439
210
428
853
260
1
3
168
384
363
1
9
15
3
1342
30
211
1
5
1
37
1
35
1628
496
1997
75
56
2
1
10
29
1
1
8
7
796
99
3591
2
50
1
11
6
14
6
2
111
7
1
533
134
206
112
13
1
51
7
2
1
1
434
12
2
2
1
434
346
135
1
3
1
1
1371
126
29
143
10
1
518
218
9
2
3
2
1
1
33
2
250
1
140
61
71
7
77
4
9
126
33
3
3
7
2
106
13
1
18
14
5
28
548
360
10
4
785
3
842
2
76
18
11
5
15
2
638
84
481
746
544
9
5
53
635
3
1
237
10940
2337
34
521
18
1
6
131
1
1
143
6
111
810
1
129
9
307
21
155
6
191
195
32
150
7
23
141
7
4
3
54
1
1210
45
239
1
1
83
15
7
1
1
1
8
1
22
241
12
11
4
1
41
1
38
7
6
1
1
247
522
30
20
4
2
4
51
73
161
5
1
1
3
3
607
2
259
457
375
188
356
25
129
1
1
761
137
86
231
1768
46
12
160
5
10
530
314
4
11
125
3
234
11
1
8
18
3
4
883
1
1
364
14
2
5
21
271
1047
6
1
127
23
3
10
1
1
2
18
5
13
180
2967
21
30
149
837
41
16
2816
1
1
365
150
297
1
37
16
11
31
215
5
16
1
22
3387
1278
1282
1
20
134
152
1
4
23
392
5
1
3
1242
1
864
352
1
781
1
7
369
6
5
3
11
8
416
28
1
3
585
9
18
11
2
13
1
1
42
510
67
22
47
33
1
22
35
88
9
681
1
2
70
47
296
1
64
4
104
4
974
95
1
1
1
1
56
3
5
6
17
335
2157
3
394
32
116
128
167
1082
2
1
36
7
1342
1
1
919
109
2
1607
53
320
47
27
21
1
3
3
17
76
80
8
341
20
1255
48
298
329
2
190
2
8
26
1
165
1
12
1
308
35
2508
8
23
23
2
1
21
1
116
1
1
1
954
17
2
73
1363
9
12
16
58
3
37
8
1
1028
365
127
45
2
3706
1
283
32
64
4
1
4
1
56
1
40
5
648
22
2
12
69
11
541
52
4
17
62
39
1296
434
5
19
9
394
327
1
30
1
26
7
543
2
37
1
31
1
22
53
5
46
20
34
54
432
5
688
678
659
15
98
99
347
4
114
3
5
1950
1
1
269
5
812
1
34
21
5
2
372
5
14
201
1
8
6
9
119
3
2
882
5
25
3
8
9
50
4
19
1
40
2
1
1
1
12
52
39
1370
64
182
64
176
1
177
67
56
9
3
1
100
111
12
17
84
1
1
4
166
179
407
55
19
91
16
1
1168
1
2
1
10
1
5
1
9
53
27
2
22
378
2
72
31
2
2
2
3
1
170
1
2
14
28
13
6
1
264
51
167
48
7
5
2
2
1
1109
130
739
7709
42
47
161
100
15
107
1
334
1237
19
1
503
1
1
1
5
2
47
5
3
2
683
146
280
1
270
90
125
2
41
322
440
3
16
6
49
287
1
1654
253
130
3
11
18
40
145
499
95
1
2
50
2500
1
7
1332
146
1
1
1
168
1977
27
1
1
6
3
11
24
197
10267
1
344
4
16
1
1
9
10
188
3410
267
7
3525
14
27
37
59
22
12
264
5
1
1290
1
4
1
837
134
628
3
7
31
21
15
19
7
22
1831
1411
389
2056
1231
5
3
337
4
12
19
28
632
1
2
1077
616
2031
6
57
660
8
1
3644
105
1
491
4
155
32
1354
11
1
1
2
239
65
8
7
4
211
1
14
57
1
4
12
1
1
738
37
9
8
124
95
4
432
65
176
4
7
36
1
3
1
2
2170
3
55
6
1
2253
436
84
16
1
1
12
1
44
5
1356
135
207
6
90
3
1
1
41
3
3
1
27
5
15
1
545
33
8
7
17
1
3
5
4
39
2
19
1
325
1052
8
2
35
32
977
6
22
14
3
12
21
306
1
25
26
4
321
1
58
191
148
1
602
13
1
648
26
2
57
356
26
1
426
23
1
1
2
3
16
85
1
1
29
2693
1185
9
6
1
4
159
9
1
8
8
34
1161
734
264
166
332
286
99
33
21
164
1
21
7022
1
4
179
129
38
1
1
80
59
14
267
6
10
41
44
45
783
1
33
3
147
4
847
249
80
566
49
352
27
708
391
21
77
2
1
1
158
1044
1629
19
50
36
24
4
10
1
108
9
106
96
49
1749
2
283
11
42
654
22
11
28
125
109
1
1
2
24
10
1
6
10
706
18
19
568
4
12
1
12
675
57
914
15
126
9
23
62
2
10
159
37
28
3
39
1
15
11
3
7
63
124
2
7
7
5
263
1
174
1079
2
1
24
1
2
11
68
8
28
76
22
1
212
8
744
392
164
88
179
29
5
17
278
1
22
32
1
1
325
1
53
22
4
79
31
1
6
17
103
8
339
212
3
4
18
1
112
3
373
1
7
1
2
29
29
27
5636
1
1800
12
146
2
95
390
3
17
129
2
2
1
44
1
83
2
1
872
1
1
1
1
77
23
14
1
2
42
60
681
1
760
168
18
1
1
3
348
882
319
2
3
4
2
1
2
1
175
1
1
1236
3453
59
43
1
1
194
201
1
669
1
1
1185
1
5
1
1
844
380
3
28
85
4099
2
595
5
9
14
27
2
1
2
1
2
36
2
5
1
527
34
17
45
1
137
59
8
38
1
102
3
56
3
1
1
93
1
372
1
2887
16
435
6
24
95
100
713
5
727
1
7
1
246
581
344
422
381
446
375
451
65
8
141
1
25
233
1
37
47
161
5
2
31
1742
906
2
142
250
3
1
90
19
584
36
1
1
65
96
2
21
26
2
1
1595
19
677
5
29
2
357
1
1
216
6
119
122
131
1
749
1
1
348
5
3
468
105
6
1
95
520
10
79
49
9
9
1
1
1
4
5
1
1
1
202
1
11
7
2
1823
293
2112
2
38
520
12
47
992
4
1
9
11
258
144
4
11
167
1
2
83
677
4
646
1
3931
5
9
5
12
10
151
18
230
1
28
1
887
447
78
392
199
121
329
94
253
1
103
1076
10
242
374
172
43
1
1371
888
15
4
21
41
1
1
1
20
16
4
290
73
203
1
21
1
1
4
97
295
21
1
7
5
3
4
3
1
239
412
4
1
2
5
5
170
43
1
114
5
1
342
286
252
46
511
304
4
7
12
7
2
6
1
16
13
86
102
44
123
80
458
271
5
1552
180
5
1
11
104
82
7
16
1109
510
74
2
1
11
1417
69
414
10
3
1
10
1
6
1
2
1
2
17
4
8
1
246
436
2025
44
1
8
11
1
1
12
80
68
10
1
43
1
11
12
4
133
343
566
9
25
837
4
1
1
1
237
86
439
11
1044
493
45
61
25
1
2
3
931
3
1997
5
411
3
33
176
274
39
1
1
3
868
1
24
1465
25
3
33
16
2
1
1
1
2
5
1
4
33
18
1
348
32
6
3277
207
1
1
1220
2633
1
1869
297
268
11
4
3
36
41
1518
42
173
4
59
1
74
5
1
1
1
153
138
41
293
65
196
1
23
14
1212
1230
43
276
2
1
7
22
1
1
1
1
36
3
61
64
2
82
1349
128
232
335
85
108
28
1
1
637
2
1
1497
1
4
1
331
467
196
14
129
1
1
1
13
106
138
1
1
696
37
6
22
315
192
90
49
88
5515
60
10
33
1
1
1
4768
21
123
284
2
1
313
1
20
183
1
16
58
14
16
1
42
8
35
30
1607
1
45
4
46
75
6
1
1375
1
2097
180
547
1
64
1
43
176
248
3
337
2
20
51
6
4
42
1
1236
110
1
422
2
2
3
199
180
368
29
49
1
18
434
1
9
2
7
11
1
5
181
11
4
1
47
19
65
505
206
822
73
1
12
13
27
11
12
871
307
399
158
34
418
2
1692
12
33
5
1327
772
4
12
7
29
20
8
662
3
4566
1
3
87
1
1
56
60
787
1
15
3
1
1626
1
2
1
52
3
181
152
39
122
1049
494
34
14
20
5
1
38
49
1
6
66
1268
6
1
1
1
1165
1
5
9
1
13
1
458
1
7
9
1
41
25
177
383
503
63
13
48
15
57
545
1
143
8
88
3
5
1
690
6
1964
39
20
2
350
1
1
1
6
15
2
2
32
6
1
1829
6
2
58
9
31
1
91
235
188
1074
11
1
11
1
1
5
1
3297
1
4
1
28
105
361
1
2
10
406
1
457
1
27
23
1
5
5
3
386
14
7
68
6
30
789
1
3
643
1
12
3061
1
466
1371
2010
4
2
87
3
18
573
1
1
5
26
6
1
3
22
2
7
13
11
5
7
50
40
8
28
832
1491
324
512
5
414
103
3
15
1076
9
5
1612
19
1
19
13
717
9
497
770
37
44
129
3
5
839
1
2
145
191
60
22
143
127
1
1
654
163
9362
7
134
222
1
240
2
384
887
263
2720
19
5
1
4650
39
5
590
1
66
28
42
5
74
1106
14
3
33
1143
2
15
15
26
62
1
31
9
614
19
20
1321
229
30
10
1
117
8
38
30
26
1
31
68
5
2458
6
4
51
10
50
20
16
49
1200
35
23
50
9
303
1487
31
2
3
1
1
2
2
4
964
814
2
11
112
13
626
71
29
1258
1
274
69
1
66
167
16
1
8
1
1
799
590
2
20
159
19
1
1
7
46
1
22
1
42
595
7
8
1
25
1
210
152
2
6
228
689
2
401
4
1832
335
1
172
47
2
722
2
1
192
9
3297
108
63
3
4
657
36
120
16
39
2
1
6
112
2643
31
337
6
1
4
1
6
113
547
4640
6430
301
5
16
22
626
1148
2123
1
20
2
2
50
20
91
153
7
7
3
150
1
5
2
927
23
8
281
4
423
610
1
1
698
263
12
193
6
24
9
6
7
8
22
37
1
9
70
46
37
7
39
1
358
924
209
98
3
245
37
1
5
330
1
27
79
8
24
499
66
53
771
1
86
234
309
184
1
1
1
23
1
10
1882
140
2
14
445
78
62
318
19
77
1
28
6
20
643
1
1683
68
11
382
34
72
32
87
20
59
50
6
367
3
55
458
27
1
19
20
2
3
78
23
1
31
1
40
45
2
10
79
194
1
878
2
102
481
2
51
1
33
3
4
740
85
424
29
31
20
529
129
1
369
3
1
113
490
26
397
21
17
3
12
76
8
2
6
2
260
18
8
10
60
4
43
2575
879
317
58
108
7
7
7
49
996
41
10
1
834
4
9
42
12
2
1
1
92
3
2294
593
933
1
6
154
51
1
1060
19
1700
6
252
1
1121
69
21
11
139
70
9
15
78
68
12
205
19
42
12
36
6
2
384
136
1
352
25
1
28
1
3
22
1
13
3751
2
41
17
1
1
48
146
572
2
4098
8
38
4
8
1
151
62
27
15
48
1
26
2421
1110
271
34
1
194
557
552
553
4229
35
8
1
1
9
13
23
595
36
8
163
158
32
10
37
5
124
210
1
2
1195
89
1
174
12
25
1
2
3701
288
6
3
1015
89
40
3
3
54
46
1
15
103
51
1
261
1
221
2
1
23
29
71
8
53
8
234
1
5
1
23
1
1
441
1971
2956
2
7
59
116
1393
6
126
7327
182
1
5
41
55
2
4
1324
1
726
12
14
314
1
4
5
6
147
2
9
725
7
5
1
41
550
1
535
1
19
1
1
294
45
47
1
31
99
61
7
4
756
2968
7
1
23
22
4
280
6
32
17
1
49
1
4
2
129
2
18
4439
1176
63
7
13
61
26
4
127
3
14
96
38
36
2338
1
447
57
1052
867
20
491
2
9
55
1
11
31
107
1
1
13
47
7
1
35
6
12
24
11
675
93
1372
10
13
16
1306
2
3
1
1
21
16
5
1
7
1
1
22
53
495
28
1
1
2
57
39
58
59
228
51
1
2
35
78
18
52
1
2
46
1
251
1
585
1
42
3787
589
371
411
236
159
287
169
9
4
35
175
23
3
197
1
777
58
6
85
1
4
4
1
16
576
16
9
11
153
82
117
1
97
133
27
1
1
16
16
1
4
6
4
59
1320
335
277
111
1
1
1
40
3
1
25
139
16
2
261
14
25
26
1
7
501
1
12
7
1
350
21
2
1
8
11
684
12
1
3
2
6
7
23
26
292
258
1
41
2
5
5
9
2
209
1
62
62
2385
713
115
164
668
44
357
1
25
410
6
15
622
565
448
6
1
1
35
1490
25
14
3
68
534
1
1
629
1
323
10
50
9
5
14
1
20
8
23
1
296
6
604
1
1
28
197
414
105
1
35
41
21
2
1
1
110
1
6
140
23
377
2
1
22
2045
2172
1
64
6490
3
1
4
32
7
112
14
5
54
1731
1
3
1
101
4
1
3
3
490
1
7060
1280
36
1
675
564
24
1
2
246
1
6092
6
11
1937
768
2740
572
156
12
1
2
23
26
1
10
32
14
5
36
1
5
14
56
22
72
53
1
894
8
843
2
2
1528
31
1
635
1
555
9
129
17
4
4
119
29
380
1
16
45
15
15
4
27
1
150
9
53
5
265
234
11
28
539
38
851
1127
1
54
675
8
917
10
22
4
10
26
335
33
48
35
45
61
87
22
397
3
587
66
1
48
48
6
27
4
27
246
3708
233
2307
269
12
160
1
35
3
85
49
387
1998
230
15
3
1
1
13
1
50
1117
1
136
835
5
2391
11
31
52
35
40
3
24
2
627
26
443
477
741
291
4
1
1
250
1
13
27
166
1
225
5
1
2
1
9
1
27
4
127
4
332
12
194
1
183
178
60
48
50
259
7
242
8
4
26
239
74
262
1
7
2
34
2092
2
1274
4
22
2
2673
9
5
454
262
245
362
86
2
2
1
1
1
2877
13
440
38
1
2
970
217
21
1
126
4
88
4
4
16
5
399
3
7
8
400
4
9
27
118
23
1127
1
1
1
6
1
1
9716
3
1
53
1
12
5
1
4
30
7
53
18
2
79
12
432
484
949
114
7
3
58
4
1
77
117
103
3
839
1124
2
3
2
38
186
20
4
675
484
38
113
421
634
9
587
845
354
350
54
58
1
3
1
1
2
448
1
1
95
34
60
217
4
25
60
57
6
1193
22
1
2
833
25
6
10
2
211
15
17
87
100
289
1
1
123
342
1
774
269
568
1
10
21
20
69
10
2
20
1
397
1028
524
13
45
20
140
2
1
48
22
2
1
477
77
9
1
729
47
1
33
81
1
1729
1048
489
1
48
5
54
1
182
1504
79
384
18
1
5
2
1
445
5
1
1
22
49
8
3
12
3
20
61
8
1
29
3
1
12
470
325
311
14
1
7
17
9
14
61
3
1592
12
1
5133
1
101
191
180
51
1
28
11
29
682
5
1
1
81
7
12
622
1
46
619
494
118
8
6
271
499
7
2
4
505
63
2
488
14
1
22
1
1
6
7
1
2
3
4383
1249
545
3
284
19
46
215
205
744
8
2
18
71
11
149
361
599
1
1
15
205
82
4
220
187
3
13
14
9
129
3
40
10
2
4
12
85
36
9
6
1
157
9
28
26
1
882
144
645
388
454
446
421
3
343
20
58
20
5
15
1
17
1
1
5
15
120
6
334
6
8
33
33
1
1
190
2
530
1650
16
1
7
52
111
1
607
23
17
1
1
34
1
1
60
29
1
1
3
3
1
28
1
13
18
1019
8
152
15
2
1
5
20
321
56
69
7
4
38
3
378
11
2
1
4305
58
15
17
732
650
10
22
403
5
235
10
1
2
8
16
3
51
1
1054
26
10
338
107
1496
15
17
499
361
22
8
2
195
3
52
4
80
496
326
1
54
768
1
358
4
24
187
1
1
1
2
4
8
150
4
8116
228
21
1
3
4
20
101
1
208
167
13
347
1
7
27
1
619
93
42
79
18
722
5
145
3
25
3
280
490
1
550
9
1
4
4
2
8
59
221
20
2036
2
12
95
24
2448
1
3193
1410
16
4631
279
1647
4
52
3
7
59
19
19
1
307
5
43
13
1
16
348
10
2
6
1
1
1
1356
6
5
49
3
35
462
1
39
3
3
4
8
3
3
1589
892
681
586
5
31
19
49
92
454
837
7
7
18
1
12
427
5
1
77
287
1
2
3
17
1
2
125
778
1
1
1
1
6
39
1
2
70
18
1966
1
1311
347
87
4
1
191
5
1
9
6
410
3
24
1
123
56
5
1
60
1
13
1
32
4
332
1
6
38
3
472
17
26
3
1
8
1748
1
864
30
39
1
1
16
7
9
19
3
252
1
9
212
2
121
7
73
87
1
13
13
97
399
9
901
4
1
1
263
178
502
1
1
16
1963
1
34
1481
4
1
132
2
32
7
1
5
330
1216
1
31
6
317
16
2
402
72
10
24
1125
2
160
78
5939
466
622
48
1
9
1
1
33
3181
90
26
111
11
4
14
1
1
418
33
100
13
438
19
17
2095
57
3
15
33
59
521
5
1
50
144
2108
2
9
5
3
17
1
13
1
2
420
34
4
1
15
1462
3
1
103
7
1
1
1
3
59
58
10
5
7
2275
162
321
63
6
27
1516
2
3
1146
42
59
5
2
316
1
1
27
6
19
1
1737
357
3
47
5
26
2
30
299
47
325
1
550
20
8
16
1
1
1
4
1
1
31
3
7
290
674
4317
75
67
142
47
6
1
57
16
2
12
300
6
14
75
48
1232
1
5
24
5
17
16
2
35
1
386
443
1
1
1
21
4
16
50
1646
2
1
411
145
24
240
2
40
2
1
1
198
1080
458
1
20
1
1
3
1
6
61
3
4
6
22
59
419
1
12
43
19
3
200
3
16
1
1
17
1
10
310
1614
4636
1
32
74
222
7
26
1
3872
1
26
1
1
1108
8
65
43
2
82
32
7
217
3589
40
26
10
1580
4
18
2
1
24
4266
1
1284
1684
7
193
112
16
62
161
87
1
5
2
1393
1
109
259
4
10
526
1
44
4
5
2
110
1
4
1
1
1
26
272
127
15
19
20
23
2399
139
5
1
15
25
186
54
2
19
65
23
340
2
1
940
3
10
30
1
3
9
1
1
2
2
9
61
1
701
1483
753
5
5
1
334
26
1
4
18
101
1
390
1465
4625
9868
6
2
7
13
1
15
3
1
1
61
3
6
9
5
2
29
11
100
10
36
15
787
499
427
927
340
1
6011
384
17
1
92
941
134
1
3
2
2440
217
1
330
2
2
4
19
2
9
26
1
1
29
23
3
6
28
7
1
1
145
4
451
1153
1
76
730
53
1
40
9
3
10
19
307
2
946
2
10
2
4
1
33
34
1
24
44
1
64
5
567
34
51
1146
3
188
1
2
10
8
97
6
2
2
16
6
4
2
83
1
39
64
472
474
1
149
4
98
119
34
22
1
133
1
1
1
120
314
287
1027
23
3
56
262
525
165
1
37
29
3
22
5
10
60
87
14
1
39
16
26
2
139
23
4
4462
13
174
5
5
162
17
7
36
1
3
116
92
416
2
18
112
37
18
16
68
127
1
2
2
1
84
47
1
26
17
2
1061
6
2
109
22
1
16
1
121
3406
831
3190
1
357
849
30
6
833
9
30
3
3
4
1
14
7
62
1075
122
60
61
252
822
24
1
1
140
59
8
226
14
1
573
621
1
1
1
366
14
15
242
2
1213
148
16
21
3
44
15
1
2556
775
1
5
34
1
27
73
11
4
32
293
1
1
8
1
183
1
1
2177
655
1
1
513
348
470
16
169
5
106
1
188
50
4
2
10
36
1
45
14
5
8
53
10
433
1
101
865
1
4
18
13
1
1145
8
1190
2
3
4
12
1
33
2
8
1
893
9
90
31
46
9
17
4
487
9
2
4
15
5
457
1499
1
608
85
48
4
5
2
58
1
1
2347
5
2
1
392
1107
742
641
19
1
11
2
1
99
432
10
17
1
1
3
205
271
67
622
71
3
2
450
19
221
154
56
6
2
6
37
79
9
2
40
133
11
4070
13
52
2
9
7
1
674
952
23
211
3
129
132
1
14
2
45
1
1
947
41
73
868
41
64
11
2
79
255
1
1
69
60
1
7
23
71
1
14
1
1
565
8
14
14
1658
94
10
91
25
1
1
165
13
10
738
1
1
51
11
87
38
1
3
1363
50
302
1
3
1
4
2
1740
48
1
1960
7
16
13
13
692
5
25
340
9
10
13
16
86
50
37
14
234
27
98
1
52
124
1
5
6
497
1
1
232
37
2
1
1
45
1
976
20
24
3
1148
1
7
10
13
1
3
45
54
4251
7
109
237
224
642
41
6
1047
46
7
1141
25
37
1
5
1
16
3
140
864
1
298
10
3
61
7
4
6
88
281
80
85
539
21
30
1
1
104
102
242
1
1
45
18
3
5
68
173
385
7
2
3
3
1
1
7
7
1
4
1
7
23
1252
10
7
1
486
116
361
141
18
3
1
26
2559
25
5
16
6
28
83
29
9
5868
1
7
63
25
1
4
2
20
153
456
3
13
3
4
7
60
1
56
5
30
5
291
42
1
18
2274
19
354
1
1
2
8
14
2
19
489
19
1
39
9
1
1227
1
1
4
549
1586
3137
56
26
546
3
13
1
69
1
180
7
1
1
64
23
1
1
218
965
421
1
1
10
46
1
147
8
1
1
12
1
401
1
277
16
122
96
719
5
25
6
1823
1300
4
92
1
193
211
31
1368
1
5
318
355
10
10
4096
5
1
247
91
1
90
9
877
275
524
2
59
1
2
4
7
463
7
3
1
1000
7
82
126
153
1
20
9
15
4
1
4
2
3
5
49
616
15
4
1
599
16
16
6
10
1
274
7
262
8
4570
42
5
3
8
3
16
50
222
1
1099
290
1
1204
40
1
1
258
847
8
4
54
1
80
2
1938
837
3
1
1
977
43
26
2
1
23
6
27
1
99
2
13294
39
15
17
8
234
103
50
61
128
149
303
48
1
1
4
191
451
80
45
28
558
67
792
29
9
959
782
474
7
1
96
71
1
2
1
4
30
121
94
5
519
344
3
43
1
125
4
2
73
1
4
300
4
33
749
826
1
120
28
5
221
375
67
3
26
311
22
1
20
73
2
150
94
166
9
175
1
56
30
1
13
29
3
215
15
35
209
857
51
49
16
12
21
29
25
3
117
57
155
3
3
132
8
1
988
4
445
105
1028
1178
2
6
1
3
4
1
1
108
2
18
1
78
326
8
1
19
2
2
9
239
132
5
9
232
50
111
178
3
1895
67
13
1
194
7
2
2
2
1547
318
42
4
35
2
92
63
65
95
6
2
1
1
3
11
4
87
1
14
25
1
6
485
15
13
57
85
10
13
35
6
7
317
14
24
1
1
90
6
1
1
282
3
10
30
9
1
7
3
81
1093
36
21
855
70
1
2
9
5
36
59
11
456
116
26
42
606
405
228
4
1
1158
81
4
79
8
1086
3
4918
171
8
102
97
9
10
30
9
3
1
8
5
7
1
184
11
53
1
1
10
36
2
6
18
2331
22
438
2437
361
56
1
31
819
1151
2
64
2
6
1
77
1
40
1
4
360
617
1
47
3
35
46
5
299
20
12
2
991
29
33
1
41
378
46
35
31
1
24
19
30
22
1
1
1390
1600
96
2
18
339
22
537
93
7
1
1
78
1
1
27
498
1
50
11575
7
62
60
1
140
928
266
1
2
873
884
377
23
1
1
469
1
134
96
13
1
91
2
1
48
36
1303
35
679
4
490
175
16
3
119
4
1015
42
9
3
175
683
146
7
955
2
6
600
37
4
64
31
31
397
39
13
8
477
6
4
39
107
23
2
915
22
4159
945
76
290
411
652
20
167
276
314
232
1
83
12
21
833
4
23
79
21
2
28
21
4
1
256
26
1
466
15
1
12
31
4
1
831
12
1
1646
223
17
45
5
217
7
7
1
89
667
1998
15
19
317
498
1
1
2
110
4
8
340
98
3
16
31
1
27
3
219
42
584
1495
16
5
8
5
543
2
679
1
537
1
10
1127
41
35
58
34
6
572
125
4
8
171
4
8
13
37
3
7
1
166
2
3
22
1
2
1
108
49
1
2438
6
78
9
318
32
162
57
7
22
133
48
1
213
6711
8
1
4
14
964
1718
811
1
2
197
445
1
3
3
362
11
137
1
1
33
1
25
4
76
1
290
37
2
1
55
33
566
1177
179
54
2
1
6
1
2
47
64
851
496
1
2
185
6
1
60
1
23
26
9
2
24
41
3
2
544
12
1150
273
562
3
32
855
61
59
140
11
2
25
30
62
14
1
3579
117
10
1
12
7
1
4
1
2
745
720
9
407
52
548
811
66
809
17
1
1
10
359
1
36
2
284
1
1
64
100
1
1
392
1
230
11
3
2
564
7
53
19
1
10
105
879
5
17
440
36
1
17
67
221
1160
116
12
2
1
22
1
301
1
26
7
11
191
1
817
4
1483
1
6
1
1
57
79
1720
29
8
137
9
225
3
1
119
606
5
2
924
2
6
286
13
166
44
13
785
1
89
476
107
24
1
25
1
58
1
1
30
12
1
76
4844
5
15
143
22
2
40
6
1
258
1333
877
40
1
1532
13
15
19
364
73
163
54
34
1
7166
15
1
1
1
12
50
8
59
350
2
4
38
121
90
13
11
88
14
84
590
84
305
52
597
1
511
3243
1
21
5
9
688
17
21
3
29
6
2993
9
3
38
1
1
430
3
5
2
253
223
23
160
1
3
747
17
1127
37
302
7
19
4
24
5
110
710
16
1
24
1
16
1
2
1
8
30
149
19
22
1
1
306
6
22
181
675
702
550
1
106
21
203
2
113
10
551
19
1119
442
59
1
2
3
11
192
1
209
5
214
29
109
75
80
1488
3
114
8
63
57
6
3
27
79
55
7
7
7
18
4
290
1
97
1
3
87
108
120
18
514
111
2
13
16
1
1
78
130
15
3
1
5
3
506
595
130
2
1
2
5
71
1
2323
1
2
119
8
2
3
432
5271
43
1
4
1
1402
142
7
34
2
1
1
1
1
179
8
16
441
1032
11
2
19
1
3
641
3
1
4
19
515
157
29
15
2
123
1008
4
324
257
7
27
2
653
18
198
1
90
27
3
418
141
35
1
44
127
415
3
12
1
1
734
1
10
10
24
598
51
66
735
1
14
31
4
1
1
1
147
2704
2978
9
1
2
1
16
13
13
18
175
30
1088
58
22
180
1
1
130
15
10
1
1
17
5
24
21
1
12
3
152
122
65
197
26
69
273
1
5
65
1432
1
57
79
353
13
15
148
1
71
902
205
6
584
281
4
9
1
3
9
6
1
45
71
377
5
3
6
149
1
50
92
1
1
597
4
2
10
3
26
11
62
6
1
33
3
40
5
6
1280
3
26
201
84
625
12
93
23
30
10
8
696
44
15
1541
35
5
20
103
18
1
281
256
375
120
3
1
17
10
985
98
1
2
24
1
1
7
1134
54
87
1380
678
1
17
1
76
7
3
5
26
1
10
557
30
204
52
172
10
22
2
2
5
853
30
1
2
1
2
13
1
36
9
1
4
1
113
656
1
3
11
330
250
1
1
43
658
2
22
10
1
515
1
3
197
8
21
1
1
4
1
5
7
6
10766
87
2
6
1039
2
25
2
308
96
2
1
2586
1
18
2
1480
4
13
199
189
116
2
13
9
3
12
1
2
38
19
33
1
1300
457
17
37
2
1
3
75
37
23
1
17
24
3
13
20
473
1
1
8
35
1
7
44
1
44
7
3
212
225
5
6
969
2
754
25
1
373
343
11
9
11
113
162
789
13
1
15
440
4
2
24
511
1
9
47
3
52
2
360
7
1727
1174
39
1
77
5
3
159
26
9
2
11
1
1
159
11
1
188
73
2
1
51
59
5
6
317
1
10
3
6
27
65
128
527
99
36
786
1
71
100
156
4
2
1
37
1
45
134
20
300
157
174
484
719
1
1
36
305
2
3
2
1
25
24
1
4
50
414
232
864
34
34
18
4
595
33
1
1
7
1
1
4
2
39
1
1
16
26
382
22
17
14
63
796
4
11
86
343
361
8
48
3548
884
7
231
13
4
1
199
10
35
1103
343
37
904
53
95
360
11
4
1
5
242
37
462
4
616
2
37
11
1512
7259
314
3
15
37
114
525
433
356
54
205
22
322
129
46
1
5
1
20
20
77
9
5
41
129
329
2
16
23
23
5
11
7
47
412
81
134
70
38
70
1
38
16
905
66
1
4
132
1
16
38
9
25
10
1
69
23
23
1513
5
56
7
269
32
39
1520
14
13
1
3
13
7
42
1
5
142
397
48
94
63
5
43
18
1
134
46
152
2
70
9
2
30
7
4
10
11
1
368
18
575
27
2
85
2
44
5
769
1
67
132
1
170
96
1
24
94
1
299
243
11
8
62
42
2
66
1
72
10
4
248
16
1
1
34
1468
1
43
4
637
68
269
34
1
114
345
238
6
1
1056
4
91
1
21
1
109
17
101
104
1190
48
65
143
3101
6
19
2
264
1
65
5
1
10
1
1
22
646
1767
135
234
172
33
4
67
4
1
429
350
1
2
4
1
1145
40
22
33
8
34
2
22
155
1
32
1
1
130
1
9
2
48
410
150
330
648
17
3
470
10
1
1
225
155
4360
27
72
19
1
1
3
25
52
6
1
6
3381
535
331
103
234
16
10
9
210
3
4
4
8
10
55
4
11
3
32
94
244
1019
24
44
1
684
11
1
26
1
15
871
293
1146
29
2
1761
7
83
30
25
5
15
3
863
7
147
941
12
3231
41
1
1
2
14
465
113
13
7
128
14
214
143
9
35
654
1
43
148
1
2
231
41
40
18
93
1
2
1109
216
12
2
23
767
7
1
50
33
84
1
9
5
31
55
2
3
89
1
1598
298
6
7
2839
85
1
7
1
1
11
142
26
2
11
5
2
122
31
5
1
1
16
233
3
39
330
1
10
42
4
50
24
85
16
12
112
1
7
13
4
157
66
1
1
32
41
5
1
5
34
2
252
94
15
563
36
15
4
11
12
22
1
240
1
91
5
16
12
17
599
1
1
26
33
4
6
1
327
26
2
109
258
1
9
1205
230
49
5
8
1
11
105
180
1617
1
734
49
523
530
3
2
42
10
4
45
4
21
7
4
557
9
4
1
3
4
1067
13
1292
23
37
1
3286
1
173
44
25
8
2
7
8
1
10
3
359
664
8
12
43
1
5
6
136
58
119
35
5
1
28
298
34
6
327
607
1185
399
563
349
2
37
1
32
62
3
16
2
22
1
6
203
1
159
402
21
177
752
964
1
10
2
17
1
115
3295
1
243
1
1
1
7
3
1
283
5
12
18
2
95
10
17
4
1
4
12
36
1
2
1
69
12
253
19
2
1
5
1
1
1
7
2350
22
2
5
7
1
156
1723
53
1
862
987
1
43
43
1
12
7
1
1
6
8
10
1414
167
10
4
1
52
1
2
1
4
1
600
138
13798
113
2
11
5
24
3
33
3070
40
130
1
186
123
27
55
13
1
1087
12
124
3
5
1
20
2
20
774
956
10
1
197
56
9
1
7
9
4
314
1
53
251
90
31
267
27
2
5
1060
277
17
100
9
125
453
50
5
40
2
12
29
1
269
1
10
194
1
1
15
2
944
50
1
112
113
1
2
185
671
1
40
2084
4
64
1
5
1974
11
38
1257
5
14
7
16
2
1
1
18
39
1290
1
13
531
86
342
2
251
733
8
22
1
247
20
281
13
17
1
3667
1
113
212
1
323
448
1
45
7462
121
1
2
3
10
5
1522
29
7
24
152
276
29
6
25
584
29
10
1
326
5
1
10
1171
13
1
1
893
4
180
3
40
3
98
41
76
10
803
1
4
1
1
1
1
1131
38
142
762
1
51
1
1
42
3
2
1
612
106
3
42
1
32
8639
822
94
198
34
1
27
5
1
10
60
5
10
4
18
76
29
332
1
1
64
12
1
1
5
3
2
12
194
1
1
5
480
8
23
8
51
46
730
31
4
12
18
31
16
329
48
16
2376
1
976
30
1
37
77
2
5
132
9
5
3
13
6
1
50
32
135
315
48
1
3
6
2
3
1
162
7
1
2
1
1
1
8
547
3
1
6
23
45
570
53
10
1087
53
271
3
330
16
65
70
1
1
19
1
172
6
1
33
1638
123
46
15
516
201
19
10
115
14
5721
390
16
28
3
10
64
14
118
3
16
1
58
3
11
34
21
5
4
13
99
1054
27
60
12
3
16
108
69
1
1
80
49
132
8
358
54
217
1
242
24
2899
16
7
300
1426
155
47
5
1
29
8
6
7
3
6
1
1
112
546
789
23
1
37
1
1
36
14
3
137
32
1
822
1
2
458
53
108
4433
133
574
39
3
4
1
1
11
6
5
193
70
46
70
55
12
31
11
5
16
1158
4
7
1
6
1
2
20
399
227
2
7
620
1316
18
7
1
67
71
1
1
53
1
59
1
25
1
230
406
58
157
10
32
107
29
7
27
22
2
1
650
1
175
3
52
2
1
1
44
1
1
478
9
15
31
21
1
26
4
454
41
52
4
40
2
1
154
4
1
255
383
2
1
87
41
87
1
1
553
15
2
1
6
194
1
2
1136
1213
2
49
3
3
3
8
13
2
65
1
40
809
66
5100
1086
7
8
763
7
6
1
21
26
60
66
4
1
43
3
25
30
18
6
1
2
79
1
8
12
4
30
31
4553
752
82
3
1095
921
269
1475
485
1
739
1
1
3
1
210
38
6
1
1
436
3
1
1
23
1316
5
513
2
46
40
6
1
2360
3
4
65
638
1
1592
62
3382
2
8
1
1
1819
1628
2
72
32
73
13
5
42
10
63
197
9
7
6
1
778
5
579
3
26
3
4
3
1
1
1298
13
1377
1153
1156
524
7
7885
334
43
1
11
176
41
10
19
2
1
4
1
1
574
15
11
12
385
3
55
5
20
34
57
2
1
1
21
51
1
42
5061
2071
595
1
23
101
8
1
44
4
122
5
76
946
1
5
15
1
11
1
39
49
812
10
35
255
5
322
506
1
1
21
45
899
629
94
854
1
2664
4
8
50
14
56
1314
150
13
1
16
51
1
78
1
6
6
7
1
1
2
50
7
1035
86
522
55
6
76
148
27
43
172
589
470
1
1524
65
33
472
45
7
2
1
621
1474
20
30
36
590
470
934
1
44
4253
15
74
1
1
650
41
11
1
889
78
291
132
30
208
23
11
31
1
1549
1226
66
20
2
111
21
734
917
24
6
4
40
6
35
7
4
278
195
1
40
4
2
125
11
2
2
8
8
3
1
140
1
36
1
8
2161
10
13
50
9
8592
25
11
331
45
1
11
2
64
10
127
4
24
23
5
1
11
83
113
58
16
16
2
3
40
1
1
196
551
1191
4
584
5
7
195
1
52
4
286
193
48
2
17
1
7
161
5
16
1
156
29
722
2325
13
79
4
28
1
576
60
1
13
19
29
512
151
3560
136
6
11
151
60
161
3
2
12
10
18
1
14
4
6
8
732
205
2
237
7
1
1
26
41
512
1
11
1
278
1
48
72
734
146
10
311
5
1
2
1
5
31
7
16
11
27
15
381
1
3
1
177
1
1
23
170
8
448
302
92
355
1
27
178
490
39
11
31
635
90
129
5
6
1
1
14
31
1
344
17
1
10
63
48
1
273
4
36
253
208
20
5
33
181
1210
9
143
19
604
22
30
59
9
3
398
1
39
2
21
7
1
6
23
467
378
1
3
22
5
222
435
247
133
76
4
30
5
4
6
7
1
1
15
6
280
18
22
117
222
1
12
3
1
4
222
44
201
3
59
2
12
559
17
21
2953
1
10
32
12
1
442
11
7
217
258
182
184
11
325
3
1
15
109
63
58
15
857
26
1
104
1680
10
930
608
25
16
106
1307
16
1
54
11
1
30
171
6
1
56
3724
1
30
1
38
797
4217
1
2
114
218
7
6
39
5651
2755
291
38
17
2
133
13
49
2
661
5
1189
1
1
2
1
5
4
196
3
115
1
1
4
94
1
2
10
23
446
101
1
613
42
178
283
401
70
55
51
1368
1
1
4
31
33
42
3
650
424
1
15
15
4
750
333
1
54
91
2
28
3
262
1776
199
4
3
20
1
1
3
101
2
15
67
52
5115
45
9
45
289
3
1
9
17
440
1000
20
21
16
1
1
16
59
20
128
6449
3
24
4
27
24
12
48
136
1
312
328
47
10
1
31
1
1
8
77
1
5
547
1
452
39
5
2
4
2
3
42
67
3
2
189
3
10
96
205
2
1
2
23
2
1
592
32
5
20
26
345
45
20
14
49
2896
33
1
4
6
46
2
12
440
672
89
6
3
547
5
12
10
21
1
253
68
174
609
1642
706
151
9
1
14
1
1
26
16
338
1
81
6
4013
33
1
2
1
205
13
740
5
1
4
1
1
15
65
92
8
462
1386
1
22
2
189
208
6
1
4
18
268
5
2203
8225
3
260
30
7
568
26
13
161
3
1
1
58
6
40
3
549
44
2
1335
1852
45
765
442
2
176
1437
124
483
1
156
209
6
3
1
3
838
36
8
4
9
10
1
1071
4
1
31
92
137
2
8
7
748
1747
12
1
322
14
4
14
2490
133
259
1
1
33
1
12
9
5
9
1
5
53
40
1
188
1
39
1
387
400
434
584
302
16
4
133
1
1
3
1
66
3
1
7
1
491
169
1028
1
14
28
7
8
9
7
4
2
9
195
3
3
2
20
7
34
583
1
6
35
255
253
24
174
11
22
5
8
89
125
17
143
10
6
2
5
74
6
24
20
1
429
6
167
17
15
14
104
449
218
25
2
31
55
1
6
20
12
16
5
7
290
318
49
11
326
1
1
2
12
18
1
3
1
35
486
3
268
4
25
1
47
38
23
1
4
3
38
401
443
8
17
87
79
280
924
3
600
63
201
612
11
163
165
6
182
274
19
17
3
21
97
3
66
71
19
16
2
43
11
1
2
3
11
9
39
4984
1
92
608
1048
35
19
48
6
323
42
49
4
3
1
47
7
596
52
9
124
12
3
5
31
1
16
382
55
12
158
1
625
56
13
1
28
290
13
91
22
1
262
7
571
99
35
143
1
398
66
1
696
399
224
329
6
48
75
2
2847
5
173
24
105
269
31
67
1
687
17
1
28
14
70
77
2
3
456
12
1
2285
26
400
31
1
309
2
21
66
942
4
21
92
1
8
16
1
26
861
110
4386
2
35
2
231
7
75
81
5
45
942
13
2
23
1
78
8
8
20
1006
19
598
477
17
7
18
23
547
1
46
92
3
1
178
593
154
246
3
557
42
976
1
7
1489
11
3
28
1237
53
296
3
73
2
2
4
2
13
29
64
1
51
2
11
1
7
3127
1
8
241
16
994
480
67
420
134
41
461
1
2005
177
1
1
13
45
473
1
3
9
8
224
46
29
6
11
28
60
28
13
72
4
7
116
42
4
3
113
17
247
611
215
19
824
1
1244
1
1
1
154
1
15
2
1
664
37
118
56
66
16
684
37
1
49
1
73
7
1
1
50
16
2143
9
117
17
1
62
10
3
108
1
1
3
1
147
3
58
1
1
2
1288
17
21
1
2
16
90
120
1272
1211
936
1
12
20
8
10
1
425
1
1
78
173
2
54
46
1
1
19
11
1
27
2145
28
3
30
13
30
11
7
63
588
1
58
705
1
243
1
1
28
1
18
880
226
175
149
3
1609
15
79
8
1
4
6
2
1
249
2
1
1
9
49
50
215
4
16
10
1
1
20
1
25
3
2
2368
70
51
3
1
5
18
13
1
4
1102
57
32
513
1
42
2
1
5
6
6
16
1
35
8
12
10
6
39
1
17
2
1666
170
1088
1040
817
250
327
4
2
1
6
84
41
31
1
6
3
1
1
237
93
68
1
1
2
142
554
3
2101
1
9
35
23
29
10
32
3
486
626
50
30
4
1
1
699
8
24
3
44
271
20
87
5
4
926
5
1
240
1
223
4
55
1
1017
11
1
5
9
2
1
738
4
180
18
193
104
14
6
1077
1409
1272
120
5
38
1
30
3
16
1
1
14
9
13
11
6
5
5
19
193
1
15
11
15
2
10
976
1
235
2
10
10
14
9
1
155
244
23
12
1
1
530
39
62
20
4
38
1
20
2339
5
788
451
5104
1
485
1948
1
2
1
1
1
1
19
3
2
18
55
284
13
6
178
1
28
4
2
1
43
11
265
283
205
1
22
1
1
233
70
19
27
37
1
37
4
25
2
1
10
37
1
104
174
11
11
1
19
169
6
70
106
1
137
1
3731
1353
59
35
3
1
1
1
17
301
1
1
62
5
224
1
31
17
3
13
551
28
1
1
108
9
1
1
7
2
2
708
1
291
254
19
3
1
2205
1
1
1
518
371
1003
1066
253
242
2
167
4
18
37
143
51
1
2
3199
48
2
7
3111
2145
667
15
44
1
16
1
2
1214
19
8
19
61
3
1409
47
53
8
87
3
2
43
3
4139
3
10
1
3
90
401
1
1
47
65
5
8
60
86
4
483
82
4
3
34
4
48
330
3
15
7648
451
1
26
1
42
745
21
1
4
2
267
570
6
8
329
39
30
31
1
32
1
1
4
3
55
1
1
3
1529
1
3
102
5529
430
1
3
1
22
235
12
106
29
10
137
600
105
1
4
3
2
3
1
1
5023
55
1
2383
380
2
1
1
167
7
45
34
4
46
386
7
6
666
402
73
5
1949
28
2
962
1473
2
1
443
2
17
22
33
2
60
14
17
40
365
4
33
2
15
50
208
1
816
381
1
34
1
1482
35
10
10
901
1
15
3
6
47
34
20
1
1
1
1
135
13
2
22
20
38
3
1
77
23
91
963
192
291
1
45
621
432
33
1
2
10
36
6
1
12
13
18
8
8
72
1
19
595
98
25
151
53
1759
10
516
398
79
1052
3
52
49
1
2
257
2581
48
1
17
84
4
218
259
171
1
6
13
1
2
343
1
1391
1
3
16
1
1
587
1728
22
17
1
3
190
153
1
44
1
4
12
957
16
1
2296
25
3
24
42
47
25
72
47
1
12
184
113
926
100
55
1
70
7
1683
1
8
198
1
22
1775
17
3
48
2
63
4
53
314
1
4
39
1317
1
44
92
3
45
1
1
4
1
1
149
6079
2
901
1132
1
1
531
1
388
29
5
6
787
656
267
42
8
2
1
1
5
1
15
1
1
22
202
5116
20
1
8
456
3
1
35
642
10
1
10
2
14
3168
1
61
15
1
51
284
1
1
1
1
3
50
116
9
5
7
275
1
1259
1574
2
351
71
1
83
1
62
31
483
19
16
66
39
44
42
6
3
1
116
5
2
112
308
580
13
5221
32
2
3
8523
34
5
4
489
23
7
175
94
1
52
41
208
96
27
35
1
38
1
1
545
2
266
287
1
71
11
20
5
1
1
94
1319
1115
363
463
755
11
59
11
23
1
2
3
2
20
115
1329
3
1
15
6
3
18
267
1
241
1
30
1
6
6
3
750
11
1
8
38
5
1
12
58
331
1
172
1
16
414
75
502
63
1
5497
1400
130
737
17
1
4
1
1
14
34
14
279
29
83
106
1
10
1
40
30
8
1
1180
10
6
1
15
1
19
13
1555
225
59
93
32
1
18
169
3
6
7
8
260
16
393
29
22
42
1
14
32
1
14
9
268
1
2
10
68
2
780
2
48
77
1
446
1937
722
4
342
555
433
2
44
7
12
1212
30
34
3
31
855
10
1022
5
12
23
486
32
1
833
102
24
2
1
50
3442
147
48
78
214
18
22
51
151
4
37
6
61
392
6
1
26
493
38
177
2
1
24
8
2
21
45
17
1053
894
3
1
331
220
9326
2478
2060
1774
11
1
8
66
523
2
3
22
726
4596
73
2
58
45
5026
5
43
3
322
1
7
15
5
1
17
1
361
11
50
20
214
384
17
124
37
225
13
1
1
1
464
1135
2607
4
1391
32
1
2
1
142
1
14
20
1
11
55
21
2
1
1
12
7
1
4
9
226
113
2
2
1
4
103
17
1458
9
31
219
132
22
2
4
198
46
1
26
15
132
72
399
1
658
543
617
16
2
3
35
37
2
3
41
4
2
9
218
262
2
1
10
12
1
25
2
1
267
2
10
4
3
2
1
42
579
31
1
1
1
177
72
16
104
11
43
5
242
85
10
8
168
5
1
1
6
13
14
15
102
4
2
668
5
314
371
7
146
94
12
346
1
43
457
5
1
2
15
222
1
157
547
4
20
2
6
55
169
11
68
1
220
589
25
5
29
79
75
138
3
16
341
244
3
572
4
6
18
72
19
59
6
5
2
1835
5
13
25
15
181
3
165
228
1
2
40
32
201
1
25
11
10
401
615
5
7
3
5
8
31
17
273
86
55
31
832
39
443
2
118
1
1
492
21
520
1074
21
6
115
88
464
47
1
1
21
144
455
9
6
33
24
10
56
312
34
15
97
10
20
30
3217
28
1
3
257
23
2
211
1590
42
1
12
1
14
2
325
6
1178
366
3
77
1
1
1780
169
61
1
8
29
1
1
8
9
281
41
112
7363
8
10
1
194
1
338
1
1
46
8
207
224
444
19
5
2
10
1
312
13
13
258
2362
5
13
3
1
2
10
128
4
151
1
253
18
13
5
14
69
8
5
2
5
1
129
51
7
3
14
33
19
417
1
7
26
2
54
1
11
1710
111
90
1427
7
6
13
18
49
1
70
1
6
6
9
31
11
1
20
1
4816
296
2
341
17
1
45
1
1
90
24
18
532
6
3
33
1
2
2
3
60
4
29
102
24
6
37
1705
442
11693
1
88
2
351
6
1
183
7
254
3
62
5116
46
157
38
337
453
7
6
1
1390
70
4
13
19
1
1
2
705
1
8
1825
250
728
157
1
1
52
1
1
53
1
57
1
34
824
1
272
35
1164
363
5
47
1
4937
168
404
59
132
1
65
7
1
1
18
1
25
1793
1
690
131
1
1
419
1
1
54
235
99
180
125
168
106
11
18
95
1
1
1
11
235
3
216
7
5
150
4
252
39
41
484
29
30
2
565
1278
5
350
6
100
14
1
22
1
1655
1304
5
14
1
4
1
14
3
183
25
1
34
3
1063
50
1
1
3
34
1
156
5
95
6960
1
198
39
699
113
78
305
2
96
126
2
6
4940
5
131
63
2
1
117
1632
5
7
92
321
41
9
1
65
1
1
24
18
80
54
15
8
1
43
303
1
1
45
17
1
18
1
1
4
1
1
1305
22
52
171
1
812
129
676
39
1
14313
499
79
79
1
14
960
63
1
1488
1
1
1665
1
10
38
3
2
27
1
5
173
43
419
64
2
12
81
41
3
3
579
2083
200
1051
199
1
822
4833
275
1
218
405
121
26
2
5
6
1
12
389
26
16
19
1
100
738
1
708
115
16
1
45
781
127
82
379
188
385
9
1
10
145
25
425
2
1
135
182
675
37
1
294
860
1
1
756
1
2381
852
15
55
1030
52
5
4
1
4
1229
4
43
366
1
98
80
1
18
36
3
3
1
1
4
12
27
1
3
13
278
24
9
707
47
7
1
2
10677
11071
3456
153
1
6
1
455
15
4
24
2
3
84
7
1
5
12
1
3
1
8
317
49
132
1
10
262
15
4085
117
2
3
265
28
104
17
16
513
4
366
1026
269
102
67
81
252
1
117
1614
1
1
1
5
24
143
23
3
1
37
473
1
46
6
24
1
320
6
558
95
16
72
49
25
11
76
1
5
28
1
499
10
11
89
5
866
28
13
582
6
1
1300
9
2
20
4
8
7
14
41
9
2
1
1
2
3
1
44
1240
1
3
79
2
1
18
1
12
4
4
99
1
11
785
1
3260
2
16
166
70
4
96
43
5
113
1
31
5
33
13
34
153
7
527
1
9
2
1
1
223
127
35
4
4
8
1
425
1017
52
4
93
182
2
28
448
6
295
1
31
1
2
3
10
1
57
614
430
5
3
3
6
50
3
21
51
275
94
40
11
92
3
3
5
11
24
1
30
147
2
219
8
1
92
53
1
5270
1
11
83
2
24
14
790
4
8
14
1
1
2830
1
2
31
12
169
85
2004
1
157
11
35
1
1
13
8
5
168
2398
40
27
50
1853
30
83
13
1
57
174
386
1
99
1
1
3
640
1
1
1
1
54
2
16
16
4242
103
2
12
3
1
771
1
15
1
179
15
6
127
14
1
1927
3
10
6
3
4
6
15
953
1
347
1
196
62
51
1
1
297
575
18
3004
4
45
149
115
5549
41
123
19
5
4
1
11
102
1
50
2
1
408
5
4
147
9
1
1
3
47
1
106
409
7
4
3
2257
192
4
39
53
18
51
5
2
292
87
20
28
1
42
1
1
523
1
1
34
52
44
56
14
6
88
24
12
2
5
36
1096
821
679
34
8
46
99
5
10
1
47
3
1
5
1
286
12
44
46
437
55
1
16
65
168
73
3108
23
11
1
275
14
4
1
9
91
11
79
5
159
1777
1
237
10
6
1
352
478
2
28
125
192
521
3
1
41
3
1
61
1
32
1
1
19
19
22
37
5
100
3
24
1
113
296
2
16
56
1
2431
1
6
183
42
92
154
64
1
2
53
5
4
20
64
56
6491
1515
1
1464
169
26
11
8
40
22
1
2
7
1
2889
1077
229
592
211
50
1
601
227
60
96
15
2590
601
41
10
36
7
1
1
338
59
179
3
30
256
91
9
2
15
21
1
810
27
9
173
564
1
11
78
607
46
39
8
16
611
405
1195
71
1
129
29
697
2
1181
654
1
140
1
1
2313
1
1
74
25
39
289
249
2
10
1
1
625
5
1
2
640
8
304
10
550
449
20
3
9
1
87
1
1756
28
8
125
1
640
1
1
13
1406
14
816
13
49
1
3
1
24
12
29
2
3
76
595
294
91
97
525
436
279
1
5
1647
27
1
1
1
31
92
40
14
95
1
326
739
38
146
153
84
2
255
3
42
1661
1
672
11
1
36
13
1
4
966
3
1
2
24
1
1
93
1
14
1
13
35
325
645
6
66
376
117
12
748
99
239
191
9
1
22
1
18
487
322
10
4
11
427
195
37
14
3
3
9
55
36
1
18
1
50
612
33
505
1
17
3
4
154
26
151
775
319
17
292
53
389
20
7
45
15
14
2
1
7
602
481
171
22
2326
220
10
201
4
100
929
1
20
27
1049
20
20
1
40
1
89
1
3
28
725
35
1
4
4
16
4
222
4
3
6
73
8
29
16
184
654
9
29
1025
1
1
272
5
2
11
1
414
96
473
5
605
16
467
328
541
1
2
430
103
364
145
14
3
104
55
349
1
8
45
1
58
12
4
30
7
1
1
204
34
76
2
42
28
30
918
22
54
185
12
62
7
104
1142
144
1
7
219
5
1
1
1
14
9
15
4
344
7
40
1
758
64
1
1118
699
76
263
1
15
10
502
1
25
169
3
55
1
10190
195
7
31
1
1
869
20
5
34
87
200
1629
8
263
18
6
1
1
1
448
1
105
2
139
37
197
60
8
1
15
734
10
10
7
518
102
185
1729
1
5
787
9
170
92
1954
1
14
1
1
6
222
53
2311
193
102
125
1
6
1
1429
1
200
7
1104
8
77
74
18
1
184
327
8
2
249
4
1
288
8
1
23
5
55
706
5
10
70
3
7
6
449
1695
58
16
1277
6
49
44
3
150
163
5
1
1
12
1
1
1
3
6
215
40
284
409
673
3
11
3
1
1
803
22
1
4
7
28
6
44
2
1
282
176
16
44
2
99
207
30
27
30
25
14
1
7
60
180
1
13
25
4
1
741
174
11
72
579
847
3
5
6
43
24
12
39
323
223
2
1
671
2
203
5
2
21
12
182
176
73
31
10
17
18
1
1108
149
26
2
24
76
1
26
36
22
839
110
8
3
4
9
3
12
2
122
1
1
838
13
1
13
4
10
3
5
46
3952
2
1
1661
29
8
48
266
2
632
51
68
155
3
550
402
148
1
21
13
13
4475
15
1
2
110
1
4
44
63
762
1206
3401
35
87
13
1
10
4
5
3
15
100
1
4
441
300
2152
3
10
21
6
956
52
31
238
77
189
4
18
14
26
24
43
1
1
1
556
4
1
21
3
1
1
2
71
5
14
2256
13
44
7
3
5
476
1
224
9
3
35
22
2
268
2
1
852
492
300
15
12
1
1
3
839
2126
333
162
907
38
173
1
3098
7
170
13
18
1
75
2
31
34
3
53
4
1
3
54
34
35
133
32
35
2
692
3
1
797
442
393
383
416
238
4
5
31
1
3
6
31
52
1
1
76
2087
1
3
3
3
9
1
286
13
18
1
58
10
2
37
1
8
1
411
379
378
3
15
37
9
221
2
34
33
2
41
1
8
2324
6
1
80
5
219
1
41
32
3
54
142
1
1
44
1
21
806
3
1
51
5
1
1
10
45
1
26
19
972
452
637
4
1122
1594
1
18
1
599
599
265
9
2
206
92
40
8
11
92
6
198
78
1
1
404
1439
832
707
228
6
25
1
14
1
51
1
1
90
49
3
1
4
3
594
466
134
345
46
1930
20
1497
618
1
617
13
142
129
2
1
67
1
98
38
64
2
6
141
772
234
155
137
126
4
1
196
21
15
242
29
514
74
13
1
9
18
980
1
4
11
5
21
1
1
431
1
6
344
114
131
25
100
29
46
6
423
608
691
91
16
238
2
75
73
2
1
21
4
1
2
1767
15
1
201
156
442
33
225
14
67
443
135
1
1
34
3
735
29
7
38
19
57
26
55
3
22
33
76
8
67
3
67
1
8
2
5
1
3
671
5
18
1
244
36
12
1
25
1
1
6
7
561
8
2
55
1767
11
7
1
11
20
89
306
26
163
1
24
42
3119
2
1
16
735
33
582
4
221
7
1
7
303
27
26
44
6
1
25
1926
10
223
1
76
66
1
1
17
6
39
1
43
263
1
1
2008
3
1745
1326
327
12
3
4
18
71
306
2
70
510
1
14
1
24
20
9
2
11
14
1
1
3
10
31
8
126
90
270
3
25
2
35
1
1
194
40
8
785
158
14
2
44
42
1
102
2829
148
1
46
2
132
5402
56
15
715
13
1745
1
1441
82
2
5
21
1
1
545
56
367
2
92
1060
259
20
8
8
234
12
2901
17
1579
52
15
329
17
251
1
4
26
31
3
1
1
12
701
1
48
36
1
1
1
4
39
2
2857
2
1
345
1
12
783
1
9
1
12
6
62
8
62
1
2
24
274
20
9
5
1
15
1
619
1
1
1466
253
451
12
335
40
1
175
556
172
58
85
30
347
166
13
3
27
12
3
4
695
1
41
26
3
5
1
7
210
1
5
9
58
842
45
51
130
17
1
261
1
36
953
105
1
42
179
580
12
10
36
5
1276
12
165
68
16
45
176
6
1
1
4
2
29
2
1
37
13
60
290
67
8
4
5
1
1
1
3
681
3
5
1
18
134
14
16
1
3
21
88
1
9
158
1
2
236
299
29
1
10
3
5
1
27
1369
9
2248
693
1
306
22
7
35
345
6238
139
12
420
218
45
177
46
1
4
126
116
226
16
26
7
50
47
33
1
11
109
29
10
24
1
3
1290
644
1
4
1
130
112
9
53
10
80
45
486
364
738
1
7
274
452
47
740
13
1160
24
1
1
4
12
3
9
11
12
121
19
116
1
748
1
1113
655
1406
7
95
186
248
209
144
1
5
621
1055
3
2
32
6
10
173
1
16
14
7
8
217
16
38
95
6
2
15
270
4
16
5
4
1
2048
1258
825
717
945
375
1
307
2
1
121
2
142
1082
1
4
10
2275
46
52
6
2
20
789
18
114
94
41
2
1895
16
11
20
1
87
107
120
24
396
371
66
143
377
1152
1
1
1
29
628
1
69
5
15
2
16
3
1
137
11
12
115
5
3
12
82
237
17
53
4
2
8
40
18
6
1
1010
47
272
74
2
28
584
1787
1
19
1
69
43
406
4
18
1
1
23
1
22
479
1314
49
12
65
124
1
59
195
938
11
96
652
366
48
22
233
1
6
47
1
5
53
7
6
106
3
185
9
2949
19
4
38
33
44
22
1
1
8
8
2
3
6
78
246
1
81
22
14
74
145
202
1
2
25
1
546
1
87
1538
26
42
978
16
10
16
1670
326
10
10
49
275
1
57
44
33
100
588
1
4
19
12
18
1
192
1557
1
23
75
102
10
1
711
14
4
1
1
16
1
27
1
153
6
2
1
7
6
11
875
828
26
2
18
245
302
12
133
651
14
5
7
1
6
7
12
1
7
27
961
1
1
11
6
1
4
3
1
19
12
3
27
1
172
7
1
5
3
88
75
1
996
163
356
23
1
141
1
43
110
878
5
7
1
12
1
3
6
5
17
14
78
69
28
27
3
42
1
45
1
2056
10
888
7
1
353
1
1
5
14
2751
707
5
8
15
5
3
3
1
17
1854
1
1
11
3
3
591
538
21
1
127
1
60
45
1
3
2
615
297
95
4
1
7
83
389
4
83
85
3
364
14
4
4
1
770
318
130
24
1
15
6
74
396
368
2
27
8
62
52
1
27
106
37
108
1
402
497
435
52
112
820
9
13
1
1
3
46
73
43
1
1
211
1
54
306
5
1
4
1
959
111
278
329
3
72
4
701
21
2
3
3
1
1
85
131
115
10
5
31
27
1816
1
54
8
1
2
2708
3
8
3
1
53
52
4
4
62
1
1
1
2990
68
2
5
25
224
1
360
1
2
89
88
2
198
590
1406
393
1
5001
2
10
70
424
6
109
403
245
131
58
7
52
255
2
18
331
193
89
165
3
5
9
137
1
645
22
61
1
34
509
4
8
11
1
20
1
1028
42
282
40
16
2
1
6
1
6
103
10
482
1339
7
63
41
3
49
451
18
150
2
16
390
3
3
1
1
200
69
1
1
87
70
12
739
101
2
21
41
26
18
1
67
1
21
1
314
128
81
2
10
5
3
50
14
38
4328
8
1
2
105
7
39
2
774
109
9
769
8
5
2
27
89
4
6
31
7
3088
1227
1
381
1
14
66
546
96
49
58
2
36
519
1
129
8
12
1
18
808
1063
1
12
1
17
96
1
14
5
670
27
3
79
1
13
1
20
5
3
6
11
49
2
5
1
7
2142
57
1
22
303
1113
1
9
186
1
14
746
32
26
2
5
1
11
803
28
4
4
1
1
1
139
64
409
280
5
32
1
1
4
33
27
1
1
106
11
1
371
10
637
2
14
264
1
146
64
24
1
186
44
1
6
2
27
75
2
10
3
1597
207
1
4
108
108
18
8
990
7
29
10
885
1553
370
498
119
358
453
173
58
21
167
1
3
6
108
41
34
3
23
172
43
3
1
1
118
6
1
626
3
1
47
1
2
16
7
1
94
293
1
1
5
95
1167
12
16
1
29
205
80
2
1
5
2785
1082
1
3
20
120
659
26
302
67
58
3
630
1601
1
1160
7
1
502
1
20
187
818
13
15
98
2
97
721
488
1
20
1
1
3364
5
746
23
131
1
589
2848
45
103
1620
1
3
1643
1
8
1
75
3
5
104
235
7
1
91
13
15
13
4
8
105
695
282
690
1
2
5
11
21
2
2
65
951
647
1
18
915
302
21
122
35
3
7
12
616
83
41
1
22
15
426
12
3
24
1
4
13
4
5
6
41
20
22
2
4
436
1
364
15
470
581
62
2
36
1
131
6
94
27
68
220
14
23
415
4
2
1327
1
1
8
1
1
8
2
32
51
2
1
1
5
2
61
46
59
3830
199
1
1
808
64
46
32
2
1199
5
1
8
27
6
53
2
518
4
18
5
1
53
597
20
1
96
3
1065
39
1
132
115
5
3
464
2
97
9
257
5
1
4
1
21
9
2
23
7
2463
2
13
1
57
2
19
2
45
1
601
963
50
573
3
36
1
16
7
26
1
1
5
253
292
2
1
34
21
18
30
9
192
1
135
6
1
132
24
17
3
10
1
11
25
143
102
1005
47
12
19
15
27
1
22
1
1
12
164
706
81
2
3
6
513
16
7
1
92
100
1
98
1
1
7
17
4
177
448
37
35
89
83
28
13
44
4
3
1864
31
1
2
1104
5
902
1
504
27
13
1
65
36
1
136
2592
113
6
19
4
42
14
1
16
350
1
21
1
121
5
21
33
1
176
66
1
1
88
200
191
114
1
17
26
2190
30
37
11
19
1
31
31
53
30
8
11
9
1
6
36
80
1
20
4
8
11
356
293
647
355
223
116
41
19
219
16
22
54
36
434
601
3
1
27
28
756
1
62
6
5
57
40
15
1
29
88
5
331
112
67
27
4
7
1
1
14
1
4
10
45
1
322
20
437
456
1
77
855
298
3686
61
55
1
19
48
77
1
4
2
4
63
171
92
32
13
1
1243
1
1
8
1248
2
1
1
13
227
248
9
1
16
1
157
57
6
350
1
85
3
6
58
543
13
3
50
1
5
5
4160
7
322
3
23
9
1
29
1
2
444
2
1
2
1019
1
61
14
141
1
3
4
69
24
49
2650
1367
45
8
1064
8
1
145
4
5
2
48
28
1
642
57
15
5
38
2
38
1
17
26
1
43
1775
24
8
292
1
368
765
44
1
48
2
2125
237
13
2448
16
310
1
1
1
176
245
186
13
2
8
1003
8
1
25
2
3
2
1
470
17
1
20
873
1760
6
1
6
599
9
31
50
152
6
394
182
35
835
16
78
5
5
1
31
96
637
48
17
1113
2
1
9
1
6
8
102
57
42
1
58
32
17
47
3
84
3
7
7
1
17
8
1
7
24
51
1
20
8
26
1
24
172
110
6
24
1
1
55
7
1
17
1
9
4
1422
13
14
28
1
5
37
35
1
1
33
543
13
1
946
1159
1
57
248
3426
14
11
8
1
1
1189
41
4
4
617
6
36
269
102
2
1
1
90
200
393
834
614
1058
7
2034
5
71
3
3
2
5
892
445
121
112
1
87
36
138
21
63
5
529
1
1
353
2
1
2821
596
1049
4
170
61
33
7
1
13
21
10
33
1
50
4
6
1
50
64
34
154
38
5
99
181
6
1
11
206
3
4
2
29
265
5
19
5
4
1
5
120
184
7
1
1
3
1433
15
18
11
40
1
36
1
16
1717
1
2
3
207
4
40
735
331
111
372
44
1
258
1
64
87
64
29
5
14
1
1011
1
1
4
2986
8
32
1
2
49
426
636
5
127
210
1
1
440
407
841
58
7
38
1
30
57
1433
186
1
214
1
18
1
4
529
203
4
7
332
9
12
1
17
1
253
66
58
3
1
13
3
649
349
412
14
26
214
6
35
11
1
22
1918
559
12
212
286
711
5
5
234
8
3
1
1
576
262
1151
151
15
305
26
159
16
1
13
1
3
72
30
1
1
450
8
2
9
207
202
151
1
91
1
131
30
1
24
11
357
30
218
48
9
1
5
256
103
17
108
4
492
285
1410
1
348
27
539
6
2
826
1
10
1
1216
889
6
109
3
1
1
112
4
15
22
46
8
2994
3188
1
27
18
2
9
1
1
46
1606
1
1041
4
181
47
26
750
7
190
64
1
1086
2
1906
4
263
30
6
3
1665
28
6
300
1
20
243
1
864
34
1
15
600
432
25
13
137
48
84
149
12
1
3
1
2
18
5
56
1011
1
58
1
3
3
1
5
1
1
279
686
1
5
4
23
4
52
12
8
1
16
57
1
355
9
4
39
3
19
6
1
90
22
8
202
41
76
1
11
170
3
1
21
148
3
12
1
2
1
77
15
6
7
2
1
2957
12
6
7
1
100
1
12
17
50
25
9
309
1
58
18
4
1
4
1
12
33
1516
15
268
1
17
910
78
689
4
32
20
50
104
51
434
1
82
4
290
342
528
148
4
7
4
1269
96
97
3
9
1953
12
161
18
322
2
14
8
1
1
2
19
4931
3
1
9
160
82
9
28
91
19
18
10
24
39
1576
14
30
2
755
2
21
1
11
9
1
557
196
300
2
968
1
12
1
19
1
193
8
13
1
1
799
27
14
1
63
6
381
16
57
5
18
19
9
3
2
13
34
73
2
1
3
75
137
3
237
4
50
136
20
120
1
21
292
3
1
5
341
1
3
4
69
234
328
84
17
1
221
25
1
276
1
12
21
76
1
6
58
4
85
3
2
4
1
80
24
9
487
21
777
334
1
1
9
1
223
1
17
1
17
1
1906
1
58
224
280
105
1
2
24
7
649
1
14
33
18
11
43
6825
1
1
103
1
29
1
48
29
2
530
496
1
17
440
12
1
3
3
2623
36
1107
1
251
3
44
415
2
8
1
95
1
1
288
263
1
1444
115
481
337
198
298
1
46
1
2
8764
16
110
146
2876
4
21
9
2
3
43
53
22
4
1
89
1
164
15
10
22
925
56
5
2
252
91
6
9
1
13
1269
43
501
1
2
251
2
24
105
1
7
4
10
27
67
3
18
150
1
15
51
1369
35
785
22
24
1
721
184
1
831
33
45
102
1
1
1
7
116
61
256
524
1
6
3
9
1272
8
3336
20
32
624
84
79
1
4
1
2
16
1
426
5
7
14
79
185
5
1
15
18
751
1
14
6512
13
8
1
358
78
103
5
43
2685
7
2
29
4
19
12
2
14
3
3
4
36
59
29
2
599
3
65
485
12
1
110
3
4
950
83
467
69
19
2
3
2
11
8
1
306
17
106
13
15
2
325
4
450
57
226
3
60
3
401
3264
2563
6
7
4
41
2
28
42
265
2342
47
21
1
166
14
8
12
567
616
265
1
6
92
6
1288
214
157
1
48
339
216
3
1
34
5
3
862
1293
607
36
13
73
237
8
219
21
950
2
3
107
5
287
388
1
61
34
1
4
1
2838
347
17
4
23
423
1092
5
98
6
1232
1251
18
655
46
116
95
53
1
238
2
1356
141
4
21
88
14
1241
40
32
217
177
55
26
457
46
1
17
26
205
16
1
1
214
2
1052
447
132
16
180
12
969
31
3442
1049
86
383
17
12
834
31
2220
2
7
210
13
3348
1942
954
3158
1687
141
601
141
37
160
4
2
3
4
2
52
1
372
2
358
8
349
306
14
1558
5
1
1
1231
78
1431
4
7
2226
160
1
1
1
1
12
1
4
273
6
13
49
1
2363
62
23
41
417
1306
5
42
1
522
1
1
9
345
2
45
8
25
10
28
135
15
1
28
68
1818
2811
8
30
25
1
385
10
669
8
8
3
973
176
52
11
1
29
37
92
51
1
7
1
3006
24
18
1
1
711
14
1
221
1
1290
99
1
4017
15
3059
1
10
10
14
24
1
558
223
32
125
1843
525
787
56
101
151
23
4
12
13
176
100
3
49
53
292
10
55
1
709
40
2
1
17
3
3
1
30
2
1
136
1
5
17
18
5
459
658
80
91
682
9
681
1
13
14
1
31
394
91
219
1
29
15
7
1
7
1
2
2105
1
10
4
21
33
2
65
383
7
7
1
4
59
2
29
38
8
59
18
2
1
1
12
5
974
1
10
132
480
186
11
984
434
26
14
33
2
60
150
415
13
4
8
3564
10
19
3
981
209
521
9
50
124
7
7
1
13
6
1
6
6
198
478
17
2
4
68
4
638
509
23
7
2
18
159
69
30
135
18
3
1228
1
15
12
8
2
13
1
164
124
1
1
5
2
38
1
115
411
37
6
6
32
3
52
573
6
44
1
15
1
5
7
56
9
1
33
102
349
11
5
1
55
2
15
63
1
232
1
1
6
22
5
1
48
5
2
655
388
909
40
17
1
4
7
1278
323
5
4
1
2
43
97
12
2
12
6
1
5
1
59
325
49
15
18
99
50
3
1
28
5
3
18
69
69
1
100
5
39
4
2
428
1
9
33
42
88
1
153
2
1
46
5
5
193
1
29
6
1
112
2
3397
745
13
1
2
76
6
49
1
5
919
5
2
19
1
1
10
2
3
19
58
1159
44
5
27
1
265
4
10
1
8
2
1
1
125
39
21
274
2
1
144
1
7
174
8
61
29
114
7
1
6
1
49
150
31
4
717
121
2
3
10
11
1869
1
5
10
36
381
16
1930
1063
72
1007
614
334
114
4
6
163
4
64
36
6
44
2783
40
4
4
34
7
107
2
2
2
29
486
10
19
27
181
25
42
29
602
3
1
4
61
3
1
10
1
47
1714
164
2103
6
1
3
4
361
1
66
1
11
238
2
1
27
415
1
1
2770
1
1894
10
3
1
2
1
32
1
358
236
12
1163
24
3
922
142
29
17
334
20
12
9
1
648
188
70
8
481
1
1
32
3
5
317
662
6
295
198
179
1743
570
17
50
26
178
1
2
5
2
3
2
106
1
1
1
1
3
2867
172
22
25
17
12
4
56
1
3
282
30
144
31
1
397
1
8
342
496
50
1
38
12
1
10
12
651
1
620
2
14
1
5
129
1
77
32
3
1
18
1428
2494
2
11
122
1
84
1066
134
739
21
877
1
489
661
1
66
15
73
32
1
34
18
22
1
1
2
1
1
28
3
1
12
74
15
62
750
23
1
7
4
1
413
30
11
21
338
597
1
2
1
177
16
33
72
1
33
7
262
124
1
87
1
33
16
173
4
1
1
337
1
54
116
96
4
777
1159
6
421
20
110
954
20
17
1
20
2
7
1
1
1
498
1
8
212
1
298
161
23
249
5
33
483
42
425
452
28
10
31
737
1
4
45
3
1
1
24
7
3
583
573
133
292
6
1
8
1
7
459
3
17
14
29
27
25
5
5
2
2
431
1
19
149
2
1
41
47
1
13
393
46
47
469
3
83
3
3
7
3
23
9
829
1
1
9
1
4
4280
24
1
15
287
10
1
6
1
29
3
225
303
1
73
114
1
144
1
7
1
1
10
19
1240
154
1
43
1
1
2
10
9
36
677
64
108
1
620
11
59
88
1
4
58
1
2
4
23
12
25
5
458
3
32
1
8
6
1
2
67
503
1261
1
16
1
15
77
675
152
220
1
1
2
11
10
9
53
14
29
132
1
2
41
184
412
5
1
44
1
7
4
2
1
139
14
4
1222
54
94
21
32
461
608
259
565
8
88
5
307
1
1
807
68
22
11
1
139
9
1
64
1012
7
35
506
31
4
554
5
71
615
438
425
3
88
990
21
2
1
33
19
57
2501
12
67
2
3
34
4
7
13
1
15
43
24
12
103
27
1
175
12
12
6
103
43
521
5
10
206
2
29
4
4
4
118
2
7
18
134
3
2
246
9
28
14
2
1
1
339
594
16
3
1
46
68
1
13
6
9
4
1
705
7
24
6
4
72
1
11
10
14
1
13
28
2
219
327
1
1
191
2
5
1
55
23
43
14
8
29
1143
1
1
12
1949
5
9
2
8
40
2
12
1
354
61
23
1
69
42
1
1
1
75
15
5
6
56
178
1
12
1
475
201
239
1
1
1
1300
2
1
39
908
114
1
1053
2
13
2
520
80
14
1
23
1
2
29
5
3
187
34
1
1
171
453
2
3
4
3
765
240
34
17
2475
6
1
12
47
4
33
21
11
14
206
6
1
2
1
55
12
8
11
7
1
1
5
11
459
156
76
1
28
10
267
7
91
19
13
463
103
32
1
44
135
798
29
1
18
75
156
2
17
7
38
11
80
556
3
7
46
3
29
1
6
26
1
179
1
28
23
4843
286
28
1
129
7
1905
1
40
1
3
25
8
53
1
1
1
3
64
1
447
16
400
67
22
5
176
544
185
1
448
60
3
581
6
1
1
1
15
3228
1551
1
1305
168
1
22
1167
45
481
4
1
1732
976
7
1
115
2
1
278
368
4
1838
41
1677
147
295
36
1
1
18
48
572
347
12
403
2
39
46
1
1
870
492
18
73
45
705
2
160
409
6
11
764
6
2391
11
30
424
274
65
197
104
3
26
2
8
42
246
137
617
328
6401
1500
52
11
418
4
9
1
1
193
24
34
61
10
6
1
1
56
2
9
428
1910
1113
1
1
42
5
51
63
3
590
21
3
1
4
330
17
1486
139
30
182
2
89
17
5
1
348
5
1
4
8
10
60
31
407
565
11
7
5
219
1
3
335
14
125
60
21
1715
1
24
6
79
12
1267
1
6
1
288
200
2
11
50
124
14
14
1
4
1
55
8
2
3
1
4
5
198
1
402
12
3
26
3
19
148
5
11
1
7
15
338
297
12
29
7
101
4
8
257
2
875
821
30
717
3
35
38
11
772
3397
1749
73
363
41
1
3
725
71
65
2
79
15
233
1
1
11
2853
1
3461
3
1
53
356
1
1
40
2507
145
1
1
111
6
4
2
1992
24
98
121
1
96
1256
58
56
635
59
77
1
889
13
43
12
138
1
1
20
668
3
1
4
583
1106
28
1
1
3
3
186
42
53
753
82
30
14
663
12
1
18
6
1
1061
1
1
1
1
42
7
181
161
2
7
1
24
2
520
46
198
327
15
2
12
19
74
8
1
6
363
1159
5
37
12
4
220
11
86
45
28
1
546
2
1
49
7
36
18
1910
4
56
1
16
18
38
1
790
3
11
113
6
1
18
208
9
5
46
2
158
1
2
6
845
54
11
1
4
57
4
1
323
5
3
1679
1279
32
436
3333
1
451
1294
15
30
134
9
88
688
1
27
2395
1
59
83
1
34
1
3
6
521
2
440
198
1
43
3
38
44
36
24
35
1
1
29
1
56
4
43
62
81
32
2
5
31
194
2
14
1
239
33
171
12
1
7
2
2
18
3
19
4
160
4
3
1
1
32
6
1051
4
38
25
143
5
8
1
5
12
121
14
6
1
2
1
293
29
20
1
1
29
560
927
308
1
36
38
2
8
43
45
5
5
17
121
38
4
7
156
22
212
34
19
14
176
1181
315
1
6
1
24
81
10
106
18
1
1
51
2
19
3
11
18
42
18
268
63
1
4
1
344
1
18
292
14
1
1
1
1
583
8
65
49
1
229
528
3559
233
5
23
1
66
310
17
255
1
5
655
343
241
40
2
1
6
35
2
5
5
1
45
11
1
138
3
16
57
251
1
343
3
189
170
10
2294
157
4
2
4
6
94
35
168
1
13
31
53
15
157
10
6
31
3833
169
77
5
29
5
1
119
16
14
10
7
1207
759
235
26
5
1
20
149
1
1
8
71
1368
6
1277
10
11
22
243
1656
1
9
13
3
17
181
13
688
693
1
14
3
20
1
454
15
1
368
12
150
638
1
1074
60
25
380
404
19
22
2
38
1
17
226
1
7
32
1
5
2084
6
5
1
6
8
1
33
335
1
871
68
2
90
3
1
43
15
11
51
260
42
7
1372
236
493
7
280
326
5
13
4
379
1
1
30
38
18
46
37
10
7
1191
104
10
29
47
54
51
125
652
74
2
1955
4
11
30
1
96
7
27
6
61
91
5
1
1
37
70
1
2
159
163
298
1
116
49
436
1
240
56
2
421
1
4
1461
828
4
10
994
4
1
2
1
37
6
1311
413
466
409
5
8
1
1
3
190
1256
17
13
415
58
542
10
493
4
1
12
14
19
1
7
1
47
6
191
22
40
256
586
409
4
50
52
4
34
18
1651
2
139
11
44
1085
119
277
83
4
984
20
286
166
3
72
171
2
2
1241
4
6
191
5
61
1
229
468
1049
14
10
7
76
160
28
134
393
1
534
26
913
1
39
8
72
21
7
6430
137
2150
1701
986
62
53
2
391
1
41
1
476
14
347
1
11119
82
56
243
8
4
64
497
1
1127
1
11
37
1
1
2827
260
6
2
1
10
235
16
59
7
44
18
649
2
1
1
1
21
6
97
120
9
68
19
16
145
14
1
53
4
1
1
312
16
397
1040
6
19
43
2083
2
296
1268
20
342
9
812
563
254
1
1
210
152
124
683
222
216
8
31
261
1
1
1
3
2
185
2
1
90
18
55
47
13
1
8
5
1
116
4
1
14
1
900
1
8
54
276
2
1
51
1
50
1
137
1
418
599
3
1
231
288
4
31
129
6
42
43
609
61
16
8
629
41
8
9
63
6
1
20
13
1
7
2
95
4
5
1345
50
533
173
1275
19
15
1
24
2
14
23
60
3
4
99
2
6
1
2
32
784
3
1
394
656
74
1419
1050
148
1
54
101
1
1
523
143
10
7
9
8
355
49
57
3
4
155
1
32
18
95
1
10
4
66
321
105
1
34
80
26
303
83
1
1
1718
65
22
104
1
43
36
1
190
605
23
1
8
1
18
7
1
1
2
5
721
1
103
11
1
90
1187
14
1028
381
49
2048
424
37
3
1
26
1301
3
2
827
4
2
1
229
6
12
13
5
170
2
34
21
14
581
1
4
3
1
30
5
1
111
631
2
34
4
6
9
2
35
13
28
21
249
1
436
20
19
1
165
549
10
237
2
1
59
36
6
1
550
1612
39
51
30
3
3
33
1162
23
1
987
1143
2
2
2
41
579
2
54
21
30
133
37
1
20
175
3
831
1
4856
86
12
1
8
50
83
47
15
10
1
20
1519
1234
158
13
1591
22
1
193
1
5
58
898
64
2
189
9
12
27
51
1
317
1
164
98
1
1
60
2
11
141
1
1
1
2
12
1
73
76
19
1
102
439
1
851
4
2
8
5
146
9
2973
54
932
118
5
1
37
6
2
100
41
1
43
19
1361
757
87
18
224
1
12
53
21
162
315
272
17
778
195
1
805
902
4
2
22
3
1
35
4722
5
