1270
48
145
784
10
4063
123
49
374
2293
191
6095
434
4931
731
126
352
6317
1
88
5
5194
6
1068
76
3446
426
2038
3207
2323
466
4404
85
1189
1
12544
1
14011
4
13465
29
8625
136
1518
1
8779
838
637
1151
14447
84
1979
57
14032
4279
8329
969
5281
56
8388
166
13774
98
6129
77
668
2731
5654
579
12548
17
307
26
4248
16
144
66
74
205
12469
42
4970
450
9363
2934
8587
16
9
9321
1659
106
7148
3
13944
243
10136
1654
2592
1029
806
339
11357
37
2087
44
1396
4444
4628
507
3558
836
10089
343
136
956
4155
5400
3567
7
8147
1728
302
3
47
63
13558
547
4249
58
25
15
6622
2506
11845
369
12625
2
8
2367
14292
42
13917
1404
2254
19
1314
425
11359
2
19
133
3338
25
865
21
3101
4433
14426
117
13646
9
4783
6
10715
526
2194
6001
8210
222
154
15
9532
130
5403
651
8346
2538
3036
68
7287
113
4478
10
5233
2224
9947
2772
933
52
6276
1414
449
20
14203
619
1118
4633
3553
2518
12848
283
11029
114
8264
76
5119
316
14185
1
6410
70
70
31
11567
110
91
7
2862
211
7484
79
8787
3127
3876
11833
3883
487
172
3825
7378
4947
12148
516
8523
158
9346
134
1833
1
7809
644
4280
3
2053
1463
109
15
21
26
10986
3
5148
1341
4942
21
85
1122
5528
252
7835
532
4088
363
34
25
2747
331
3625
1424
1781
450
6900
522
8860
18
665
18
5432
56
28
12
22
254
8606
6103
1861
2020
4206
1
1469
570
968
1
1400
16
16
19
5858
6
10356
