92
190
12
911
1891
754
2101
259
5
206
12
1928
1
1
114
7
1
652
22
472
2
8
60
12
8
1
333
6
4
131
8
22
853
96
720
5
1
1580
790
1
10
1934
6
1003
2580
1
2
3
280
1278
150
69
959
83
270
75
10
1
310
421
2
3934
1301
1383
10
68
4
1
567
160
740
93
105
20
34
1
884
101
27
2
1219
1341
9
23
1181
12
245
495
4
106
90
363
466
1330
174
146
1
7
1
235
1
237
40
2090
143
312
1
2246
38
31
1
1
23
547
1
2
1
2
288
12
1
2
774
368
2
1391
69
1
9
35
370
6
1
53
3734
9
43
403
167
1
66
69
4
15
44
1409
211
136
162
207
3
2
840
1111
31
19
2
1
43
2
87
4
500
1
1
1079
2738
176
434
7
2
32
26
32
11
1
2590
569
1
12
210
231
701
2
1
611
744
656
54
364
1
2
140
1
9
24
415
21
1
1106
20
817
29
1
1
2
18
288
701
526
7
439
250
1
1209
6
1761
1
8
82
18
24
27
17
50
1143
2
772
58
11
8
1
1
1
27
5194
4
22
4
1
28
74
112
2
9
651
270
38
24
12
1236
33
3
44
840
565
1192
2
80
3
14
383
15
128
527
28
18
7
1
21
22
2
12
1
56
15
26
17
1665
1757
359
46
1
4
1
1
1
228
25
792
2023
679
408
553
82
111
54
26
385
3540
