140
397
35
2151
3840
1058
2079
231
16
27
15
3482
2
2
136
2
1
2957
365
1427
42
14
1
33
137
2
920
69
5
434
14
13
219
31
1316
2
280
449
31
1
9
5913
1
3937
891
1
8
6
1211
1992
747
2069
1993
82
533
21
10
1
308
576
3
2195
4008
698
11
930
3
1
824
75
987
195
137
68
71
11
376
536
31
2
1132
450
18
6
646
11
509
947
4
148
4452
462
945
10159
516
300
1
5
1
256
1
277
48
2457
426
457
1
3744
20
180
1
1
26
652
1
2
1
2
1194
16
1
32
445
3635
2
1919
38
1
14
35
365
16
1
37
3448
3
379
816
5007
1
17
58
5
36
95
2998
155
446
124
147
2
2
1082
1449
387
41
1
6
75
6
105
44
13
2
2
379
5388
4677
515
10
5
2058
30
139
10
5
626
775
1
26
700
1192
752
2
1
733
576
472
52
4247
1
23
42
1
29
375
5222
20
1
1665
1410
5549
47
1
1
2
23
380
604
64
18
584
59
1
1052
60
98
1
39
15
14
21
147
10
37
733
2
1129
21
18
6
2973
417
1
45
8214
36
888
21
1
31
73
168
2
6
1530
2443
58
41
33
2443
13
9
242
1609
371
3080
17
2321
146
5460
368
4
59
504
36
8
38
1
24
22
2
7
1
930
353
4
18
4995
2547
264
125
1
17
1
1
1
854
416
1803
2802
174
1144
2977
97
230
159
55
311
6005
